516199281146527802139152674032970554203351939319670984238877278185932605324760449024
74945652187280266365022349906754988230615514163659120684486550563238437847862861825676734501674755546660973125445472811102195204072353520417708393533459406447041460225989172135493714391589944526596044376909516031835557144518000987254424200384949613234427242743895598636393519250508087296
149891304374560532730044699813509976461231028327318241368973101126476875695725723651353469003349511093321946250890945622204390408144707040835416787066918812894082920451978344270987428783179889053192088753819032063671114289036001974508848400769899226468854485487791197272787038501016174592
Michael Jackson's Moonwalker
1032398562293055604278305348065941108406703878639341968477754556371865210649520898048
299782608749121065460089399627019952922462056654636482737946202252953751391451447302706938006699022186643892501781891244408780816289414081670833574133837625788165840903956688541974857566359778106384177507638064127342228578072003949017696801539798452937708970975582394545574077002032349184
2064797124586111208556610696131882216813407757278683936955509112743730421299041796096
24250541540113388961757773607548113180353454075965537285751949533372622414348116860149531148873752157269198232169195628211447837531409881759985008046397833688506069929819911708813117839786198807299979713814886088704
4129594249172222417113221392263764433626815514557367873911018225487460842598083592192
599565217498242130920178799254039905844924113309272965475892404505907502782902894605413876013398044373287785003563782488817561632578828163341667148267675251576331681807913377083949715132719556212768355015276128254684457156144007898035393603079596905875417941951164789091148154004064698368
48501083080226777923515547215096226360706908151931074571503899066745244828696233720299062297747504314538396464338391256422895675062819763519970016092795667377012139859639823417626235679572397614599959427629772177408
8259188498344444834226442784527528867253631029114735747822036450974921685196167184384
Henry VII
16518376996688889668452885569055057734507262058229471495644072901949843370392334368768
Lyric
33036753993377779336905771138110115469014524116458942991288145803899686740784668737536
97002166160453555847031094430192452721413816303862149143007798133490489657392467440598124595495008629076792928676782512845791350125639527039940032185591334754024279719279646835252471359144795229199918855259544354816
Bermuda Triangle
1199130434996484261840357598508079811689848226618545930951784809011815005565805789210827752026796088746575570007127564977635123265157656326683334296535350503152663363615826754167899430265439112425536710030552256509368914312288015796070787206159193811750835883902329578182296308008129396736
194004332320907111694062188860384905442827632607724298286015596266980979314784934881196249190990017258153585857353565025691582700251279054079880064371182669508048559438559293670504942718289590458399837710519088709632
66073507986755558673811542276220230938029048232917885982576291607799373481569337475072
388008664641814223388124377720769810885655265215448596572031192533961958629569869762392498381980034516307171714707130051383165400502558108159760128742365339016097118877118587341009885436579180916799675421038177419264
132147015973511117347623084552440461876058096465835771965152583215598746963138674950144
2398260869992968523680715197016159623379696453237091861903569618023630011131611578421655504053592177493151140014255129955270246530315312653366668593070701006305326727231653508335798860530878224851073420061104513018737828624576031592141574412318387623501671767804659156364592616016258793472
776017329283628446776248755441539621771310530430897193144062385067923917259139739524784996763960069032614343429414260102766330801005116216319520257484730678032194237754237174682019770873158361833599350842076354838528
4796521739985937047361430394032319246759392906474183723807139236047260022263223156843311008107184354986302280028510259910540493060630625306733337186141402012610653454463307016671597721061756449702146840122209026037475657249152063184283148824636775247003343535609318312729185232032517586944
1552034658567256893552497510883079243542621060861794386288124770135847834518279479049569993527920138065228686858828520205532661602010232432639040514969461356064388475508474349364039541746316723667198701684152709677056
264294031947022234695246169104880923752116192931671543930305166431197493926277349900288
Henry Beckham
3104069317134513787104995021766158487085242121723588772576249540271695669036558958099139987055840276130457373717657040411065323204020464865278081029938922712128776951016948698728079083492633447334397403368305419354112
9593043479971874094722860788064638493518785812948367447614278472094520044526446313686622016214368709972604560057020519821080986121261250613466674372282804025221306908926614033343195442123512899404293680244418052074951314498304126368566297649273550494006687071218636625458370464065035173888
6208138634269027574209990043532316974170484243447177545152499080543391338073117916198279974111680552260914747435314080822130646408040929730556162059877845424257553902033897397456158166985266894668794806736610838708224
12416277268538055148419980087064633948340968486894355090304998161086782676146235832396559948223361104521829494870628161644261292816081859461112324119755690848515107804067794794912316333970533789337589613473221677416448
24832554537076110296839960174129267896681936973788710180609996322173565352292471664793119896446722209043658989741256323288522585632163718922224648239511381697030215608135589589824632667941067578675179226946443354832896
49665109074152220593679920348258535793363873947577420361219992644347130704584943329586239792893444418087317979482512646577045171264327437844449296479022763394060431216271179179649265335882135157350358453892886709665792
99330218148304441187359840696517071586727747895154840722439985288694261409169886659172479585786888836174635958965025293154090342528654875688898592958045526788120862432542358359298530671764270314700716907785773419331584
198660436296608882374719681393034143173455495790309681444879970577388522818339773318344959171573777672349271917930050586308180685057309751377797185916091053576241724865084716718597061343528540629401433815571546838663168
397320872593217764749439362786068286346910991580619362889759941154777045636679546636689918343147555344698543835860101172616361370114619502755594371832182107152483449730169433437194122687057081258802867631143093677326336
794641745186435529498878725572136572693821983161238725779519882309554091273359093273379836686295110689397087671720202345232722740229239005511188743664364214304966899460338866874388245374114162517605735262286187354652672
1589283490372871058997757451144273145387643966322477451559039764619108182546718186546759673372590221378794175343440404690465445480458478011022377487328728428609933798920677733748776490748228325035211470524572374709305344
3178566980745742117995514902288546290775287932644954903118079529238216365093436373093519346745180442757588350686880809380930890960916956022044754974657456857219867597841355467497552981496456650070422941049144749418610688
6357133961491484235991029804577092581550575865289909806236159058476432730186872746187038693490360885515176701373761618761861781921833912044089509949314913714439735195682710934995105962992913300140845882098289498837221376
12714267922982968471982059609154185163101151730579819612472318116952865460373745492374077386980721771030353402747523237523723563843667824088179019898629827428879470391365421869990211925985826600281691764196578997674442752
19186086959943748189445721576129276987037571625896734895228556944189040089052892627373244032428737419945209120114041039642161972242522501226933348744565608050442613817853228066686390884247025798808587360488836104149902628996608252737132595298547100988013374142437273250916740928130070347776
528588063894044469390492338209761847504232385863343087860610332862394987852554699800576
38372173919887496378891443152258553974075143251793469790457113888378080178105785254746488064857474839890418240228082079284323944485045002453866697489131216100885227635706456133372781768494051597617174720977672208299805257993216505474265190597094201976026748284874546501833481856260140695552
25428535845965936943964119218308370326202303461159639224944636233905730920747490984748154773961443542060706805495046475047447127687335648176358039797259654857758940782730843739980423851971653200563383528393157995348885504
76744347839774992757782886304517107948150286503586939580914227776756160356211570509492976129714949679780836480456164158568647888970090004907733394978262432201770455271412912266745563536988103195234349441955344416599610515986433010948530381194188403952053496569749093003666963712520281391104
50857071691931873887928238436616740652404606922319278449889272467811461841494981969496309547922887084121413610990092950094894255374671296352716079594519309715517881565461687479960847703943306401126767056786315990697771008
101714143383863747775856476873233481304809213844638556899778544935622923682989963938992619095845774168242827221980185900189788510749342592705432159189038619431035763130923374959921695407886612802253534113572631981395542016
Ted Logan
203428286767727495551712953746466962609618427689277113799557089871245847365979927877985238191691548336485654443960371800379577021498685185410864318378077238862071526261846749919843390815773225604507068227145263962791084032
153488695679549985515565772609034215896300573007173879161828455553512320712423141018985952259429899359561672960912328317137295777940180009815466789956524864403540910542825824533491127073976206390468698883910688833199221031972866021897060762388376807904106993139498186007333927425040562782208
306977391359099971031131545218068431792601146014347758323656911107024641424846282037971904518859798719123345921824656634274591555880360019630933579913049728807081821085651649066982254147952412780937397767821377666398442063945732043794121524776753615808213986278996372014667854850081125564416
406856573535454991103425907492933925219236855378554227599114179742491694731959855755970476383383096672971308887920743600759154042997370370821728636756154477724143052523693499839686781631546451209014136454290527925582168064
813713147070909982206851814985867850438473710757108455198228359484983389463919711511940952766766193345942617775841487201518308085994740741643457273512308955448286105047386999679373563263092902418028272908581055851164336128
1057176127788088938780984676419523695008464771726686175721220665724789975705109399601152
613954782718199942062263090436136863585202292028695516647313822214049282849692564075943809037719597438246691843649313268549183111760720039261867159826099457614163642171303298133964508295904825561874795535642755332796884127891464087588243049553507231616427972557992744029335709700162251128832
1627426294141819964413703629971735700876947421514216910396456718969966778927839423023881905533532386691885235551682974403036616171989481483286914547024617910896572210094773999358747126526185804836056545817162111702328672256
2114352255576177877561969352839047390016929543453372351442441331449579951410218799202304
3254852588283639928827407259943471401753894843028433820792913437939933557855678846047763811067064773383770471103365948806073232343978962966573829094049235821793144420189547998717494253052371609672113091634324223404657344512
1227909565436399884124526180872273727170404584057391033294627644428098565699385128151887618075439194876493383687298626537098366223521440078523734319652198915228327284342606596267929016591809651123749591071285510665593768255782928175176486099107014463232855945115985488058671419400324502257664
4228704511152355755123938705678094780033859086906744702884882662899159902820437598404608
Solar Loop
6509705176567279857654814519886942803507789686056867641585826875879867115711357692095527622134129546767540942206731897612146464687957925933147658188098471643586288840379095997434988506104743219344226183268648446809314689024
8457409022304711510247877411356189560067718173813489405769765325798319805640875196809216
13019410353134559715309629039773885607015579372113735283171653751759734231422715384191055244268259093535081884413463795224292929375915851866295316376196943287172577680758191994869977012209486438688452366537296893618629378048
16914818044609423020495754822712379120135436347626978811539530651596639611281750393618432
26038820706269119430619258079547771214031158744227470566343307503519468462845430768382110488536518187070163768826927590448585858751831703732590632752393886574345155361516383989739954024418972877376904733074593787237258756096
52077641412538238861238516159095542428062317488454941132686615007038936925690861536764220977073036374140327537653855180897171717503663407465181265504787773148690310723032767979479908048837945754753809466149187574474517512192
33829636089218846040991509645424758240270872695253957623079061303193279222563500787236864
104155282825076477722477032318191084856124634976909882265373230014077873851381723073528441954146072748280655075307710361794343435007326814930362531009575546297380621446065535958959816097675891509507618932298375148949035024384
208310565650152955444954064636382169712249269953819764530746460028155747702763446147056883908292145496561310150615420723588686870014653629860725062019151092594761242892131071917919632195351783019015237864596750297898070048768
416621131300305910889908129272764339424498539907639529061492920056311495405526892294113767816584290993122620301230841447177373740029307259721450124038302185189522485784262143835839264390703566038030475729193500595796140097536
833242262600611821779816258545528678848997079815279058122985840112622990811053784588227535633168581986245240602461682894354747480058614519442900248076604370379044971568524287671678528781407132076060951458387001191592280195072
1666484525201223643559632517091057357697994159630558116245971680225245981622107569176455071266337163972490481204923365788709494960117229038885800496153208740758089943137048575343357057562814264152121902916774002383184560390144
3332969050402447287119265034182114715395988319261116232491943360450491963244215138352910142532674327944980962409846731577418989920234458077771600992306417481516179886274097150686714115125628528304243805833548004766369120780288
DJI Mavic 2
6665938100804894574238530068364229430791976638522232464983886720900983926488430276705820285065348655889961924819693463154837979840468916155543201984612834963032359772548194301373428230251257056608487611667096009532738241560576
67659272178437692081983019290849516480541745390507915246158122606386558445127001574473728
The Empire Strikes Cats
135318544356875384163966038581699032961083490781015830492316245212773116890254003148947456
13331876201609789148477060136728458861583953277044464929967773441801967852976860553411640570130697311779923849639386926309675959680937832311086403969225669926064719545096388602746856460502514113216975223334192019065476483121152
270637088713750768327932077163398065922166981562031660984632490425546233780508006297894912
541274177427501536655864154326796131844333963124063321969264980851092467561016012595789824
1082548354855003073311728308653592263688667926248126643938529961702184935122032025191579648
26663752403219578296954120273456917723167906554088929859935546883603935705953721106823281140261394623559847699278773852619351919361875664622172807938451339852129439090192777205493712921005028226433950446668384038130952966242304
DJI Air 2S
53327504806439156593908240546913835446335813108177859719871093767207871411907442213646562280522789247119695398557547705238703838723751329244345615876902679704258878180385554410987425842010056452867900893336768076261905932484608
2165096709710006146623456617307184527377335852496253287877059923404369870244064050383159296
106655009612878313187816481093827670892671626216355719439742187534415742823814884427293124561045578494239390797115095410477407677447502658488691231753805359408517756360771108821974851684020112905735801786673536152523811864969216
213310019225756626375632962187655341785343252432711438879484375068831485647629768854586249122091156988478781594230190820954815354895005316977382463507610718817035512721542217643949703368040225811471603573347072305047623729938432
426620038451513252751265924375310683570686504865422877758968750137662971295259537709172498244182313976957563188460381641909630709790010633954764927015221437634071025443084435287899406736080451622943207146694144610095247459876864
853240076903026505502531848750621367141373009730845755517937500275325942590519075418344996488364627953915126376920763283819261419580021267909529854030442875268142050886168870575798813472160903245886414293388289220190494919753728
1706480153806053011005063697501242734282746019461691511035875000550651885181038150836689992976729255907830252753841526567638522839160042535819059708060885750536284101772337741151597626944321806491772828586776578440380989839507456
3412960307612106022010127395002485468565492038923383022071750001101303770362076301673379985953458511815660505507683053135277045678320085071638119416121771501072568203544675482303195253888643612983545657173553156880761979679014912
6825920615224212044020254790004970937130984077846766044143500002202607540724152603346759971906917023631321011015366106270554091356640170143276238832243543002145136407089350964606390507777287225967091314347106313761523959358029824
Pokemon: Fossil Version
13651841230448424088040509580009941874261968155693532088287000004405215081448305206693519943813834047262642022030732212541108182713280340286552477664487086004290272814178701929212781015554574451934182628694212627523047918716059648
27303682460896848176081019160019883748523936311387064176574000008810430162896610413387039887627668094525284044061464425082216365426560680573104955328974172008580545628357403858425562031109148903868365257388425255046095837432119296
4330193419420012293246913234614369054754671704992506575754119846808739740488128100766318592
Toroko's Theme
54607364921793696352162038320039767497047872622774128353148000017620860325793220826774079775255336189050568088122928850164432730853121361146209910657948344017161091256714807716851124062218297807736730514776850510092191674864238592
109214729843587392704324076640079534994095745245548256706296000035241720651586441653548159550510672378101136176245857700328865461706242722292419821315896688034322182513429615433702248124436595615473461029553701020184383349728477184
Journey to the Savage Planet
8660386838840024586493826469228738109509343409985013151508239693617479480976256201532637184
17320773677680049172987652938457476219018686819970026303016479387234958961952512403065274368
34641547355360098345975305876914952438037373639940052606032958774469917923905024806130548736
69283094710720196691950611753829904876074747279880105212065917548939835847810049612261097472
138566189421440393383901223507659809752149494559760210424131835097879671695620099224522194944
218429459687174785408648153280159069988191490491096513412592000070483441303172883307096319101021344756202272352491715400657730923412485444584839642631793376068644365026859230867404496248873191230946922059107402040368766699456954368
436858919374349570817296306560318139976382980982193026825184000140966882606345766614192638202042689512404544704983430801315461846824970889169679285263586752137288730053718461734808992497746382461893844118214804080737533398913908736
277132378842880786767802447015319619504298989119520420848263670195759343391240198449044389888
873717838748699141634592613120636279952765961964386053650368000281933765212691533228385276404085379024809089409966861602630923693649941778339358570527173504274577460107436923469617984995492764923787688236429608161475066797827817472
1747435677497398283269185226241272559905531923928772107300736000563867530425383066456770552808170758049618178819933723205261847387299883556678717141054347008549154920214873846939235969990985529847575376472859216322950133595655634944
Star Wars: Squadrons
3494871354994796566538370452482545119811063847857544214601472001127735060850766132913541105616341516099236357639867446410523694774599767113357434282108694017098309840429747693878471939981971059695150752945718432645900267191311269888
Pokemon: Fossil Moon
6989742709989593133076740904965090239622127695715088429202944002255470121701532265827082211232683032198472715279734892821047389549199534226714868564217388034196619680859495387756943879963942119390301505891436865291800534382622539776
Family Ties
13979485419979186266153481809930180479244255391430176858405888004510940243403064531654164422465366064396945430559469785642094779098399068453429737128434776068393239361718990775513887759927884238780603011782873730583601068765245079552
554264757685761573535604894030639239008597978239040841696527340391518686782480396898088779776
27958970839958372532306963619860360958488510782860353716811776009021880486806129063308328844930732128793890861118939571284189558196798136906859474256869552136786478723437981551027775519855768477561206023565747461167202137530490159104
55917941679916745064613927239720721916977021565720707433623552018043760973612258126616657689861464257587781722237879142568379116393596273813718948513739104273572957446875963102055551039711536955122412047131494922334404275060980318208
1108529515371523147071209788061278478017195956478081683393054680783037373564960793796177559552
111835883359833490129227854479441443833954043131441414867247104036087521947224516253233315379722928515175563444475758285136758232787192547627437897027478208547145914893751926204111102079423073910244824094262989844668808550121960636416
223671766719666980258455708958882887667908086262882829734494208072175043894449032506466630759445857030351126888951516570273516465574385095254875794054956417094291829787503852408222204158846147820489648188525979689337617100243921272832
Steve Rogers
447343533439333960516911417917765775335816172525765659468988416144350087788898065012933261518891714060702253777903033140547032931148770190509751588109912834188583659575007704816444408317692295640979296377051959378675234200487842545664
Sophia Loren
894687066878667921033822835835531550671632345051531318937976832288700175577796130025866523037783428121404507555806066281094065862297540381019503176219825668377167319150015409632888816635384591281958592754103918757350468400975685091328
1789374133757335842067645671671063101343264690103062637875953664577400351155592260051733046075566856242809015111612132562188131724595080762039006352439651336754334638300030819265777633270769182563917185508207837514700936801951370182656
3578748267514671684135291343342126202686529380206125275751907329154800702311184520103466092151133712485618030223224265124376263449190161524078012704879302673508669276600061638531555266541538365127834371016415675029401873603902740365312
7157496535029343368270582686684252405373058760412250551503814658309601404622369040206932184302267424971236060446448530248752526898380323048156025409758605347017338553200123277063110533083076730255668742032831350058803747207805480730624
14314993070058686736541165373368504810746117520824501103007629316619202809244738080413864368604534849942472120892897060497505053796760646096312050819517210694034677106400246554126221066166153460511337484065662700117607494415610961461248
1474
28629986140117373473082330746737009621492235041649002206015258633238405618489476160827728737209069699884944241785794120995010107593521292192624101639034421388069354212800493108252442132332306921022674968131325400235214988831221922922496
2948
57259972280234746946164661493474019242984470083298004412030517266476811236978952321655457474418139399769888483571588241990020215187042584385248203278068842776138708425600986216504884264664613842045349936262650800470429977662443845844992
5896
114519944560469493892329322986948038485968940166596008824061034532953622473957904643310914948836278799539776967143176483980040430374085168770496406556137685552277416851201972433009768529329227684090699872525301600940859955324887691689984
229039889120938987784658645973896076971937880333192017648122069065907244947915809286621829897672557599079553934286352967960080860748170337540992813112275371104554833702403944866019537058658455368181399745050603201881719910649775383379968
458079778241877975569317291947792153943875760666384035296244138131814489895831618573243659795345115198159107868572705935920161721496340675081985626224550742209109667404807889732039074117316910736362799490101206403763439821299550766759936
11792
916159556483755951138634583895584307887751521332768070592488276263628979791663237146487319590690230396318215737145411871840323442992681350163971252449101484418219334809615779464078148234633821472725598980202412807526879642599101533519872
1832319112967511902277269167791168615775503042665536141184976552527257959583326474292974639181380460792636431474290823743680646885985362700327942504898202968836438669619231558928156296469267642945451197960404825615053759285198203067039744
3664638225935023804554538335582337231551006085331072282369953105054515919166652948585949278362760921585272862948581647487361293771970725400655885009796405937672877339238463117856312592938535285890902395920809651230107518570396406134079488
23584
7329276451870047609109076671164674463102012170662144564739906210109031838333305897171898556725521843170545725897163294974722587543941450801311770019592811875345754678476926235712625185877070571781804791841619302460215037140792812268158976
14658552903740095218218153342329348926204024341324289129479812420218063676666611794343797113451043686341091451794326589949445175087882901602623540039185623750691509356953852471425250371754141143563609583683238604920430074281585624536317952
29317105807480190436436306684658697852408048682648578258959624840436127353333223588687594226902087372682182903588653179898890350175765803205247080078371247501383018713907704942850500743508282287127219167366477209840860148563171249072635904
47168
94336
188672
377344
754688
1509376
3018752
Dil Pickles
6037504
58634211614960380872872613369317395704816097365297156517919249680872254706666447177375188453804174745364365807177306359797780700351531606410494160156742495002766037427815409885701001487016564574254438334732954419681720297126342498145271808
12075008
117268423229920761745745226738634791409632194730594313035838499361744509413332894354750376907608349490728731614354612719595561400703063212820988320313484990005532074855630819771402002974033129148508876669465908839363440594252684996290543616
234536846459841523491490453477269582819264389461188626071676998723489018826665788709500753815216698981457463228709225439191122801406126425641976640626969980011064149711261639542804005948066258297017753338931817678726881188505369992581087232
469073692919683046982980906954539165638528778922377252143353997446978037653331577419001507630433397962914926457418450878382245602812252851283953281253939960022128299422523279085608011896132516594035506677863635357453762377010739985162174464
938147385839366093965961813909078331277057557844754504286707994893956075306663154838003015260866795925829852914836901756764491205624505702567906562507879920044256598845046558171216023792265033188071013355727270714907524754021479970324348928
1876294771678732187931923627818156662554115115689509008573415989787912150613326309676006030521733591851659705829673803513528982411249011405135813125015759840088513197690093116342432047584530066376142026711454541429815049508042959940648697856
Nollywan
3752589543357464375863847255636313325108230231379018017146831979575824301226652619352012061043467183703319411659347607027057964822498022810271626250031519680177026395380186232684864095169060132752284053422909082859630099016085919881297395712
7505179086714928751727694511272626650216460462758036034293663959151648602453305238704024122086934367406638823318695214054115929644996045620543252500063039360354052790760372465369728190338120265504568106845818165719260198032171839762594791424
15010358173429857503455389022545253300432920925516072068587327918303297204906610477408048244173868734813277646637390428108231859289992091241086505000126078720708105581520744930739456380676240531009136213691636331438520396064343679525189582848
2217059030743046294142419576122556956034391912956163366786109361566074747129921587592355119104
4434118061486092588284839152245113912068783825912326733572218723132149494259843175184710238208
8868236122972185176569678304490227824137567651824653467144437446264298988519686350369420476416
30020716346859715006910778045090506600865841851032144137174655836606594409813220954816096488347737469626555293274780856216463718579984182482173010000252157441416211163041489861478912761352481062018272427383272662877040792128687359050379165696
60041432693719430013821556090181013201731683702064288274349311673213188819626441909632192976695474939253110586549561712432927437159968364964346020000504314882832422326082979722957825522704962124036544854766545325754081584257374718100758331392
24150016
120082865387438860027643112180362026403463367404128576548698623346426377639252883819264385953390949878506221173099123424865854874319936729928692040001008629765664844652165959445915651045409924248073089709533090651508163168514749436201516662784
240165730774877720055286224360724052806926734808257153097397246692852755278505767638528771906781899757012442346198246849731709748639873459857384080002017259531329689304331918891831302090819848496146179419066181303016326337029498872403033325568
48300032
17736472245944370353139356608980455648275135303649306934288874892528597977039372700738840952832
96600064
35472944491888740706278713217960911296550270607298613868577749785057195954078745401477681905664
193200128
70945888983777481412557426435921822593100541214597227737155499570114391908157490802955363811328
386400256
141891777967554962825114852871843645186201082429194455474310999140228783816314981605910727622656
772800512
Finding Fiona
1545601024
Kilimanjaro
283783555935109925650229705743687290372402164858388910948621998280457567632629963211821455245312
3091202048
480331461549755440110572448721448105613853469616514306194794493385705510557011535277057543813563799514024884692396493699463419497279746919714768160004034519062659378608663837783662604181639696992292358838132362606032652674058997744806066651136
960662923099510880221144897442896211227706939233028612389588986771411021114023070554115087627127599028049769384792987398926838994559493839429536320008069038125318757217327675567325208363279393984584717676264725212065305348117995489612133302272
Fiona Finders
1921325846199021760442289794885792422455413878466057224779177973542822042228046141108230175254255198056099538769585974797853677989118987678859072640016138076250637514434655351134650416726558787969169435352529450424130610696235990979224266604544
Choppa
567567111870219851300459411487374580744804329716777821897243996560915135265259926423642910490624
1135134223740439702600918822974749161489608659433555643794487993121830270530519852847285820981248
Finding Mickey
Sunflora
2270268447480879405201837645949498322979217318867111287588975986243660541061039705694571641962496
Tanzania
3842651692398043520884579589771584844910827756932114449558355947085644084456092282216460350508510396112199077539171949595707355978237975357718145280032276152501275028869310702269300833453117575938338870705058900848261221392471981958448533209088
4540536894961758810403675291898996645958434637734222575177951972487321082122079411389143283924992
7685303384796087041769159179543169689821655513864228899116711894171288168912184564432920701017020792224398155078343899191414711956475950715436290560064552305002550057738621404538601666906235151876677741410117801696522442784943963916897066418176
9081073789923517620807350583797993291916869275468445150355903944974642164244158822778286567849984
15370606769592174083538318359086339379643311027728457798233423788342576337824369128865841402034041584448796310156687798382829423912951901430872581120129104610005100115477242809077203333812470303753355482820235603393044885569887927833794132836352
18162147579847035241614701167595986583833738550936890300711807889949284328488317645556573135699968
Unsolved Case
36324295159694070483229402335191973167667477101873780601423615779898568656976635291113146271399936
72648590319388140966458804670383946335334954203747561202847231559797137313953270582226292542799872
6182404096
30741213539184348167076636718172678759286622055456915596466847576685152675648738257731682804068083168897592620313375596765658847825903802861745162240258209220010200230954485618154406667624940607506710965640471206786089771139775855667588265672704
145297180638776281932917609340767892670669908407495122405694463119594274627906541164452585085599744
61482427078368696334153273436345357518573244110913831192933695153370305351297476515463365608136166337795185240626751193531317695651807605723490324480516418440020400461908971236308813335249881215013421931280942413572179542279551711335176531345408
290594361277552563865835218681535785341339816814990244811388926239188549255813082328905170171199488
12364808192
122964854156737392668306546872690715037146488221827662385867390306740610702594953030926731216272332675590370481253502387062635391303615211446980648961032836880040800923817942472617626670499762430026843862561884827144359084559103422670353062690816
581188722555105127731670437363071570682679633629980489622777852478377098511626164657810340342398976
24729616384
1162377445110210255463340874726143141365359267259960979245555704956754197023252329315620680684797952
37094424576
2324754890220420510926681749452286282730718534519921958491111409913508394046504658631241361369595904
74188849152
4649509780440841021853363498904572565461437069039843916982222819827016788093009317262482722739191808
80371253248
9299019560881682043706726997809145130922874138079687833964445639654033576186018634524965445478383616
105100869632
18598039121763364087413453995618290261845748276159375667928891279308067152372037269049930890956767232
Gene Kelly
37196078243526728174826907991236580523691496552318751335857782558616134304744074538099861781913534464
74392156487053456349653815982473161047382993104637502671715565117232268609488149076199723563827068928
148784312974106912699307631964946322094765986209275005343431130234464537218976298152399447127654137856
297568625948213825398615263929892644189531972418550010686862260468929074437952596304798894255308275712
Hula Dance
245929708313474785336613093745381430074292976443655324771734780613481221405189906061853462432544665351180740962507004774125270782607230422893961297922065673760081601847635884945235253340999524860053687725123769654288718169118206845340706125381632
491859416626949570673226187490762860148585952887310649543469561226962442810379812123706924865089330702361481925014009548250541565214460845787922595844131347520163203695271769890470506681999049720107375450247539308577436338236413690681412250763264
983718833253899141346452374981525720297171905774621299086939122453924885620759624247413849730178661404722963850028019096501083130428921691575845191688262695040326407390543539780941013363998099440214750900495078617154872676472827381362824501526528
1967437666507798282692904749963051440594343811549242598173878244907849771241519248494827699460357322809445927700056038193002166260857843383151690383376525390080652814781087079561882026727996198880429501800990157234309745352945654762725649003053056
3934875333015596565385809499926102881188687623098485196347756489815699542483038496989655398920714645618891855400112076386004332521715686766303380766753050780161305629562174159123764053455992397760859003601980314468619490705891309525451298006106112
7869750666031193130771618999852205762377375246196970392695512979631399084966076993979310797841429291237783710800224152772008665043431373532606761533506101560322611259124348318247528106911984795521718007203960628937238981411782619050902596012212224
15739501332062386261543237999704411524754750492393940785391025959262798169932153987958621595682858582475567421600448305544017330086862747065213523067012203120645222518248696636495056213823969591043436014407921257874477962823565238101805192024424448
31479002664124772523086475999408823049509500984787881570782051918525596339864307975917243191365717164951134843200896611088034660173725494130427046134024406241290445036497393272990112427647939182086872028815842515748955925647130476203610384048848896
595137251896427650797230527859785288379063944837100021373724520937858148875905192609597788510616551424
62958005328249545046172951998817646099019001969575763141564103837051192679728615951834486382731434329902269686401793222176069320347450988260854092268048812482580890072994786545980224855295878364173744057631685031497911851294260952407220768097697792
125916010656499090092345903997635292198038003939151526283128207674102385359457231903668972765462868659804539372803586444352138640694901976521708184536097624965161780145989573091960449710591756728347488115263370062995823702588521904814441536195395584
251832021312998180184691807995270584396076007878303052566256415348204770718914463807337945530925737319609078745607172888704277281389803953043416369072195249930323560291979146183920899421183513456694976230526740125991647405177043809628883072390791168
1190274503792855301594461055719570576758127889674200042747449041875716297751810385219195577021233102848
503664042625996360369383615990541168792152015756606105132512830696409541437828927614675891061851474639218157491214345777408554562779607906086832738144390499860647120583958292367841798842367026913389952461053480251983294810354087619257766144781582336
1007328085251992720738767231981082337584304031513212210265025661392819082875657855229351782123702949278436314982428691554817109125559215812173665476288780999721294241167916584735683597684734053826779904922106960503966589620708175238515532289563164672
2380549007585710603188922111439141153516255779348400085494898083751432595503620770438391154042466205696
2014656170503985441477534463962164675168608063026424420530051322785638165751315710458703564247405898556872629964857383109634218251118431624347330952577561999442588482335833169471367195369468107653559809844213921007933179241416350477031064579126329344
4029312341007970882955068927924329350337216126052848841060102645571276331502631420917407128494811797113745259929714766219268436502236863248694661905155123998885176964671666338942734390738936215307119619688427842015866358482832700954062129158252658688
4761098015171421206377844222878282307032511558696800170989796167502865191007241540876782308084932411392
9522196030342842412755688445756564614065023117393600341979592335005730382014483081753564616169864822784
19044392060685684825511376891513129228130046234787200683959184670011460764028966163507129232339729645568
Mega Rayquaza
38088784121371369651022753783026258456260092469574401367918369340022921528057932327014258464679459291136
76177568242742739302045507566052516912520184939148802735836738680045843056115864654028516929358918582272
152355136485485478604091015132105033825040369878297605471673477360091686112231729308057033858717837164544
304710272970970957208182030264210067650080739756595210943346954720183372224463458616114067717435674329088
609420545941941914416364060528420135300161479513190421886693909440366744448926917232228135434871348658176
Aerial Strike
1218841091883883828832728121056840270600322959026380843773387818880733488897853834464456270869742697316352
8058624682015941765910137855848658700674432252105697682120205291142552663005262841834814256989623594227490519859429532438536873004473726497389323810310247997770353929343332677885468781477872430614239239376855684031732716965665401908124258316505317376
Falcon 9
2437682183767767657665456242113680541200645918052761687546775637761466977795707668928912541739485394632704
16117249364031883531820275711697317401348864504211395364240410582285105326010525683669628513979247188454981039718859064877073746008947452994778647620620495995540707858686665355770937562955744861228478478753711368063465433931330803816248516633010634752
32234498728063767063640551423394634802697729008422790728480821164570210652021051367339257027958494376909962079437718129754147492017894905989557295241240991991081415717373330711541875125911489722456956957507422736126930867862661607632497033266021269504
64468997456127534127281102846789269605395458016845581456961642329140421304042102734678514055916988753819924158875436259508294984035789811979114590482481983982162831434746661423083750251822979444913913915014845472253861735725323215264994066532042539008
4875364367535535315330912484227361082401291836105523375093551275522933955591415337857825083478970789265408
128937994912255068254562205693578539210790916033691162913923284658280842608084205469357028111833977507639848317750872519016589968071579623958229180964963967964325662869493322846167500503645958889827827830029690944507723471450646430529988133064085078016
257875989824510136509124411387157078421581832067382325827846569316561685216168410938714056223667955015279696635501745038033179936143159247916458361929927935928651325738986645692335001007291917779655655660059381889015446942901292861059976266128170156032
515751979649020273018248822774314156843163664134764651655693138633123370432336821877428112447335910030559393271003490076066359872286318495832916723859855871857302651477973291384670002014583835559311311320118763778030893885802585722119952532256340312064
9750728735071070630661824968454722164802583672211046750187102551045867911182830675715650166957941578530816
1031503959298040546036497645548628313686327328269529303311386277266246740864673643754856224894671820061118786542006980152132719744572636991665833447719711743714605302955946582769340004029167671118622622640237527556061787771605171444239905064512680624128
19501457470142141261323649936909444329605167344422093500374205102091735822365661351431300333915883157061632
2063007918596081092072995291097256627372654656539058606622772554532493481729347287509712449789343640122237573084013960304265439489145273983331666895439423487429210605911893165538680008058335342237245245280475055112123575543210342888479810129025361248256
4126015837192162184145990582194513254745309313078117213245545109064986963458694575019424899578687280244475146168027920608530878978290547966663333790878846974858421211823786331077360016116670684474490490560950110224247151086420685776959620258050722496512
The Moment
39002914940284282522647299873818888659210334688844187000748410204183471644731322702862600667831766314123264
8252031674384324368291981164389026509490618626156234426491090218129973926917389150038849799157374560488950292336055841217061757956581095933326667581757693949716842423647572662154720032233341368948980981121900220448494302172841371553919240516101444993024
78005829880568565045294599747637777318420669377688374001496820408366943289462645405725201335663532628246528
16504063348768648736583962328778053018981237252312468852982180436259947853834778300077699598314749120977900584672111682434123515913162191866653335163515387899433684847295145324309440064466682737897961962243800440896988604345682743107838481032202889986048
33008126697537297473167924657556106037962474504624937705964360872519895707669556600155399196629498241955801169344223364868247031826324383733306670327030775798867369694590290648618880128933365475795923924487600881793977208691365486215676962064405779972096
156011659761137130090589199495275554636841338755376748002993640816733886578925290811450402671327065256493056
66016253395074594946335849315112212075924949009249875411928721745039791415339113200310798393258996483911602338688446729736494063652648767466613340654061551597734739389180581297237760257866730951591847848975201763587954417382730972431353924128811559944192
312023319522274260181178398990551109273682677510753496005987281633467773157850581622900805342654130512986112
132032506790149189892671698630224424151849898018499750823857443490079582830678226400621596786517992967823204677376893459472988127305297534933226681308123103195469478778361162594475520515733461903183695697950403527175908834765461944862707848257623119888384
624046639044548520362356797981102218547365355021506992011974563266935546315701163245801610685308261025972224
264065013580298379785343397260448848303699796036999501647714886980159165661356452801243193573035985935646409354753786918945976254610595069866453362616246206390938957556722325188951041031466923806367391395900807054351817669530923889725415696515246239776768
528130027160596759570686794520897696607399592073999003295429773960318331322712905602486387146071971871292818709507573837891952509221190139732906725232492412781877915113444650377902082062933847612734782791801614108703635339061847779450831393030492479553536
1248093278089097040724713595962204437094730710043013984023949126533871092631402326491603221370616522051944448
2496186556178194081449427191924408874189461420086027968047898253067742185262804652983206442741233044103888896
4992373112356388162898854383848817748378922840172055936095796506135484370525609305966412885482466088207777792
1056260054321193519141373589041795393214799184147998006590859547920636662645425811204972774292143943742585637419015147675783905018442380279465813450464984825563755830226889300755804164125867695225469565583603228217407270678123695558901662786060984959107072
9984746224712776325797708767697635496757845680344111872191593012270968741051218611932825770964932176415555584
2112520108642387038282747178083590786429598368295996013181719095841273325290851622409945548584287887485171274838030295351567810036884760558931626900929969651127511660453778601511608328251735390450939131167206456434814541356247391117803325572121969918214144
19969492449425552651595417535395270993515691360688223744383186024541937482102437223865651541929864352831111168
4225040217284774076565494356167181572859196736591992026363438191682546650581703244819891097168575774970342549676060590703135620073769521117863253801859939302255023320907557203023216656503470780901878262334412912869629082712494782235606651144243939836428288
39938984898851105303190835070790541987031382721376447488766372049083874964204874447731303083859728705662222336
8450080434569548153130988712334363145718393473183984052726876383365093301163406489639782194337151549940685099352121181406271240147539042235726507603719878604510046641815114406046433313006941561803756524668825825739258165424989564471213302288487879672856576
16900160869139096306261977424668726291436786946367968105453752766730186602326812979279564388674303099881370198704242362812542480295078084471453015207439757209020093283630228812092866626013883123607513049337651651478516330849979128942426604576975759345713152
33800321738278192612523954849337452582873573892735936210907505533460373204653625958559128777348606199762740397408484725625084960590156168942906030414879514418040186567260457624185733252027766247215026098675303302957032661699958257884853209153951518691426304
79877969797702210606381670141581083974062765442752894977532744098167749928409748895462606167719457411324444672
Poker Face
67600643476556385225047909698674905165747147785471872421815011066920746409307251917118257554697212399525480794816969451250169921180312337885812060829759028836080373134520915248371466504055532494430052197350606605914065323399916515769706418307903037382852608
The Mayor
135201286953112770450095819397349810331494295570943744843630022133841492818614503834236515109394424799050961589633938902500339842360624675771624121659518057672160746269041830496742933008111064988860104394701213211828130646799833031539412836615806074765705216
270402573906225540900191638794699620662988591141887489687260044267682985637229007668473030218788849598101923179267877805000679684721249351543248243319036115344321492538083660993485866016222129977720208789402426423656261293599666063078825673231612149531410432
540805147812451081800383277589399241325977182283774979374520088535365971274458015336946060437577699196203846358535755610001359369442498703086496486638072230688642985076167321986971732032444259955440417578804852847312522587199332126157651346463224299062820864
1081610295624902163600766555178798482651954364567549958749040177070731942548916030673892120875155398392407692717071511220002718738884997406172992973276144461377285970152334643973943464064888519910880835157609705694625045174398664252315302692926448598125641728
2163220591249804327201533110357596965303908729135099917498080354141463885097832061347784241750310796784815385434143022440005437477769994812345985946552288922754571940304669287947886928129777039821761670315219411389250090348797328504630605385852897196251283456
Snickerdoodle
4326441182499608654403066220715193930607817458270199834996160708282927770195664122695568483500621593569630770868286044880010874955539989624691971893104577845509143880609338575895773856259554079643523340630438822778500180697594657009261210771705794392502566912
8652882364999217308806132441430387861215634916540399669992321416565855540391328245391136967001243187139261541736572089760021749911079979249383943786209155691018287761218677151791547712519108159287046681260877645557000361395189314018522421543411588785005133824
17305764729998434617612264882860775722431269833080799339984642833131711080782656490782273934002486374278523083473144179520043499822159958498767887572418311382036575522437354303583095425038216318574093362521755291114000722790378628037044843086823177570010267648
34611529459996869235224529765721551444862539666161598679969285666263422161565312981564547868004972748557046166946288359040086999644319916997535775144836622764073151044874708607166190850076432637148186725043510582228001445580757256074089686173646355140020535296
69223058919993738470449059531443102889725079332323197359938571332526844323130625963129095736009945497114092333892576718080173999288639833995071550289673245528146302089749417214332381700152865274296373450087021164456002891161514512148179372347292710280041070592
138446117839987476940898119062886205779450158664646394719877142665053688646261251926258191472019890994228184667785153436160347998577279667990143100579346491056292604179498834428664763400305730548592746900174042328912005782323029024296358744694585420560082141184
276892235679974953881796238125772411558900317329292789439754285330107377292522503852516382944039781988456369335570306872320695997154559335980286201158692982112585208358997668857329526800611461097185493800348084657824011564646058048592717489389170841120164282368
553784471359949907763592476251544823117800634658585578879508570660214754585045007705032765888079563976912738671140613744641391994309118671960572402317385964225170416717995337714659053601222922194370987600696169315648023129292116097185434978778341682240328564736
1107568942719899815527184952503089646235601269317171157759017141320429509170090015410065531776159127953825477342281227489282783988618237343921144804634771928450340833435990675429318107202445844388741975201392338631296046258584232194370869957556683364480657129472
2215137885439799631054369905006179292471202538634342315518034282640859018340180030820131063552318255907650954684562454978565567977236474687842289609269543856900681666871981350858636214404891688777483950402784677262592092517168464388741739915113366728961314258944
4430275770879599262108739810012358584942405077268684631036068565281718036680360061640262127104636511815301909369124909957131135954472949375684579218539087713801363333743962701717272428809783377554967900805569354525184185034336928777483479830226733457922628517888
Eliza Schuyler
8860551541759198524217479620024717169884810154537369262072137130563436073360720123280524254209273023630603818738249819914262271908945898751369158437078175427602726667487925403434544857619566755109935801611138709050368370068673857554966959660453466915845257035776
17721103083518397048434959240049434339769620309074738524144274261126872146721440246561048508418546047261207637476499639828524543817891797502738316874156350855205453334975850806869089715239133510219871603222277418100736740137347715109933919320906933831690514071552
35442206167036794096869918480098868679539240618149477048288548522253744293442880493122097016837092094522415274952999279657049087635783595005476633748312701710410906669951701613738179430478267020439743206444554836201473480274695430219867838641813867663381028143104
70884412334073588193739836960197737359078481236298954096577097044507488586885760986244194033674184189044830549905998559314098175271567190010953267496625403420821813339903403227476358860956534040879486412889109672402946960549390860439735677283627735326762056286208
141768824668147176387479673920395474718156962472597908193154194089014977173771521972488388067348368378089661099811997118628196350543134380021906534993250806841643626679806806454952717721913068081758972825778219344805893921098781720879471354567255470653524112572416
283537649336294352774959347840790949436313924945195816386308388178029954347543043944976776134696736756179322199623994237256392701086268760043813069986501613683287253359613612909905435443826136163517945651556438689611787842197563441758942709134510941307048225144832
567075298672588705549918695681581898872627849890391632772616776356059908695086087889953552269393473512358644399247988474512785402172537520087626139973003227366574506719227225819810870887652272327035891303112877379223575684395126883517885418269021882614096450289664
Angelica Schuyler
Eliza Hamilton
787
1134150597345177411099837391363163797745255699780783265545233552712119817390172175779907104538786947024717288798495976949025570804345075040175252279946006454733149013438454451639621741775304544654071782606225754758447151368790253767035770836538043765228192900579328
2268301194690354822199674782726327595490511399561566531090467105424239634780344351559814209077573894049434577596991953898051141608690150080350504559892012909466298026876908903279243483550609089308143565212451509516894302737580507534071541673076087530456385801158656
4536602389380709644399349565452655190981022799123133062180934210848479269560688703119628418155147788098869155193983907796102283217380300160701009119784025818932596053753817806558486967101218178616287130424903019033788605475161015068143083346152175060912771602317312
9073204778761419288798699130905310381962045598246266124361868421696958539121377406239256836310295576197738310387967815592204566434760600321402018239568051637865192107507635613116973934202436357232574260849806038067577210950322030136286166692304350121825543204634624
18146409557522838577597398261810620763924091196492532248723736843393917078242754812478513672620591152395476620775935631184409132869521200642804036479136103275730384215015271226233947868404872714465148521699612076135154421900644060272572333384608700243651086409269248
36292819115045677155194796523621241527848182392985064497447473686787834156485509624957027345241182304790953241551871262368818265739042401285608072958272206551460768430030542452467895736809745428930297043399224152270308843801288120545144666769217400487302172818538496
72585638230091354310389593047242483055696364785970128994894947373575668312971019249914054690482364609581906483103742524737636531478084802571216145916544413102921536860061084904935791473619490857860594086798448304540617687602576241090289333538434800974604345637076992
145171276460182708620779186094484966111392729571940257989789894747151336625942038499828109380964729219163812966207485049475273062956169605142432291833088826205843073720122169809871582947238981715721188173596896609081235375205152482180578667076869601949208691274153984
290342552920365417241558372188969932222785459143880515979579789494302673251884076999656218761929458438327625932414970098950546125912339210284864583666177652411686147440244339619743165894477963431442376347193793218162470750410304964361157334153739203898417382548307968
159755939595404421212763340283162167948125530885505789955065488196335499856819497790925212335438914822648889344
580685105840730834483116744377939864445570918287761031959159578988605346503768153999312437523858916876655251864829940197901092251824678420569729167332355304823372294880488679239486331788955926862884752694387586436324941500820609928722314668307478407796834765096615936
1161370211681461668966233488755879728891141836575522063918319157977210693007536307998624875047717833753310503729659880395802184503649356841139458334664710609646744589760977358478972663577911853725769505388775172872649883001641219857444629336614956815593669530193231872
2322740423362923337932466977511759457782283673151044127836638315954421386015072615997249750095435667506621007459319760791604369007298713682278916669329421219293489179521954716957945327155823707451539010777550345745299766003282439714889258673229913631187339060386463744
319511879190808842425526680566324335896251061771011579910130976392670999713638995581850424670877829645297778688
4645480846725846675864933955023518915564567346302088255673276631908842772030145231994499500190871335013242014918639521583208738014597427364557833338658842438586978359043909433915890654311647414903078021555100691490599532006564879429778517346459827262374678120772927488
9290961693451693351729867910047037831129134692604176511346553263817685544060290463988999000381742670026484029837279043166417476029194854729115666677317684877173956718087818867831781308623294829806156043110201382981199064013129758859557034692919654524749356241545854976
639023758381617684851053361132648671792502123542023159820261952785341999427277991163700849341755659290595557376
Clipper
1278047516763235369702106722265297343585004247084046319640523905570683998854555982327401698683511318581191114752
2556095033526470739404213444530594687170008494168092639281047811141367997709111964654803397367022637162382229504
5112190067052941478808426889061189374340016988336185278562095622282735995418223929309606794734045274324764459008
One-One
18581923386903386703459735820094075662258269385208353022693106527635371088120580927977998000763485340052968059674558086332834952058389709458231333354635369754347913436175637735663562617246589659612312086220402765962398128026259517719114069385839309049498712483091709952
37163846773806773406919471640188151324516538770416706045386213055270742176241161855955996001526970680105936119349116172665669904116779418916462666709270739508695826872351275471327125234493179319224624172440805531924796256052519035438228138771678618098997424966183419904
Delta Air Lines
74327693547613546813838943280376302649033077540833412090772426110541484352482323711911992003053941360211872238698232345331339808233558837832925333418541479017391653744702550942654250468986358638449248344881611063849592512105038070876456277543357236197994849932366839808
148655387095227093627677886560752605298066155081666824181544852221082968704964647423823984006107882720423744477396464690662679616467117675665850666837082958034783307489405101885308500937972717276898496689763222127699185024210076141752912555086714472395989699864733679616
297310774190454187255355773121505210596132310163333648363089704442165937409929294847647968012215765440847488954792929381325359232934235351331701333674165916069566614978810203770617001875945434553796993379526444255398370048420152283505825110173428944791979399729467359232
594621548380908374510711546243010421192264620326667296726179408884331874819858589695295936024431530881694977909585858762650718465868470702663402667348331832139133229957620407541234003751890869107593986759052888510796740096840304567011650220346857889583958799458934718464
1189243096761816749021423092486020842384529240653334593452358817768663749639717179390591872048863061763389955819171717525301436931736941405326805334696663664278266459915240815082468007503781738215187973518105777021593480193680609134023300440693715779167917598917869436928
2378486193523633498042846184972041684769058481306669186904717635537327499279434358781183744097726123526779911638343435050602873863473882810653610669393327328556532919830481630164936015007563476430375947036211554043186960387361218268046600881387431558335835197835738873856
10224380134105882957616853778122378748680033976672370557124191244565471990836447858619213589468090548649528918016
4756972387047266996085692369944083369538116962613338373809435271074654998558868717562367488195452247053559823276686870101205747726947765621307221338786654657113065839660963260329872030015126952860751894072423108086373920774722436536093201762774863116671670395671477747712
9513944774094533992171384739888166739076233925226676747618870542149309997117737435124734976390904494107119646553373740202411495453895531242614442677573309314226131679321926520659744060030253905721503788144846216172747841549444873072186403525549726233343340791342955495424
19027889548189067984342769479776333478152467850453353495237741084298619994235474870249469952781808988214239293106747480404822990907791062485228885355146618628452263358643853041319488120060507811443007576289692432345495683098889746144372807051099452466686681582685910990848
20448760268211765915233707556244757497360067953344741114248382489130943981672895717238427178936181097299057836032
38055779096378135968685538959552666956304935700906706990475482168597239988470949740498939905563617976428478586213494960809645981815582124970457770710293237256904526717287706082638976240121015622886015152579384864690991366197779492288745614102198904933373363165371821981696
The Sound of Sorcery
76111558192756271937371077919105333912609871401813413980950964337194479976941899480997879811127235952856957172426989921619291963631164249940915541420586474513809053434575412165277952480242031245772030305158769729381982732395558984577491228204397809866746726330743643963392
40897520536423531830467415112489514994720135906689482228496764978261887963345791434476854357872362194598115672064
81795041072847063660934830224979029989440271813378964456993529956523775926691582868953708715744724389196231344128
163590082145694127321869660449958059978880543626757928913987059913047551853383165737907417431489448778392462688256
327180164291388254643739320899916119957761087253515857827974119826095103706766331475814834862978897556784925376512
Desert Phantom Pyramid Jutsu
654360328582776509287478641799832239915522174507031715655948239652190207413532662951629669725957795113569850753024
1308720657165553018574957283599664479831044349014063431311896479304380414827065325903259339451915590227139701506048
2617441314331106037149914567199328959662088698028126862623792958608760829654130651806518678903831180454279403012096
5234882628662212074299829134398657919324177396056253725247585917217521659308261303613037357807662360908558806024192
10469765257324424148599658268797315838648354792112507450495171834435043318616522607226074715615324721817117612048384
Low-Cost Airline
20939530514648848297199316537594631677296709584225014900990343668870086637233045214452149431230649443634235224096768
41879061029297696594398633075189263354593419168450029801980687337740173274466090428904298862461298887268470448193536
Virgin America
83758122058595393188797266150378526709186838336900059603961374675480346548932180857808597724922597774536940896387072
167516244117190786377594532300757053418373676673800119207922749350960693097864361715617195449845195549073881792774144
152223116385512543874742155838210667825219742803626827961901928674388959953883798961995759622254471905713914344853979843238583927262328499881831082841172949027618106869150824330555904960484062491544060610317539458763965464791117969154982456408795619733493452661487287926784
Alaska Airlines
335032488234381572755189064601514106836747353347600238415845498701921386195728723431234390899690391098147763585548288
304446232771025087749484311676421335650439485607253655923803857348777919907767597923991519244508943811427828689707959686477167854524656999763662165682345898055236213738301648661111809920968124983088121220635078917527930929582235938309964912817591239466986905322974575853568
608892465542050175498968623352842671300878971214507311847607714697555839815535195847983038489017887622855657379415919372954335709049313999527324331364691796110472427476603297322223619841936249966176242441270157835055861859164471876619929825635182478933973810645949151707136
670064976468763145510378129203028213673494706695200476831690997403842772391457446862468781799380782196295527171096576
1217784931084100350997937246705685342601757942429014623695215429395111679631070391695966076978035775245711314758831838745908671418098627999054648662729383592220944854953206594644447239683872499932352484882540315670111723718328943753239859651270364957867947621291898303414272
1340129952937526291020756258406056427346989413390400953663381994807685544782914893724937563598761564392591054342193152
2435569862168200701995874493411370685203515884858029247390430858790223359262140783391932153956071550491422629517663677491817342836197255998109297325458767184441889709906413189288894479367744999864704969765080631340223447436657887506479719302540729915735895242583796606828544
2680259905875052582041512516812112854693978826780801907326763989615371089565829787449875127197523128785182108684386304
5360519811750105164083025033624225709387957653561603814653527979230742179131659574899750254395046257570364217368772608
4871139724336401403991748986822741370407031769716058494780861717580446718524281566783864307912143100982845259035327354983634685672394511996218594650917534368883779419812826378577788958735489999729409939530161262680446894873315775012959438605081459831471790485167593213657088
10721039623500210328166050067248451418775915307123207629307055958461484358263319149799500508790092515140728434737545216
21442079247000420656332100134496902837551830614246415258614111916922968716526638299599001017580185030281456869475090432
Airshow
Virgin Spirit
Christmas in the Sand
Budget Airline
9742279448672802807983497973645482740814063539432116989561723435160893437048563133567728615824286201965690518070654709967269371344789023992437189301835068737767558839625652757155577917470979999458819879060322525360893789746631550025918877210162919662943580970335186427314176
19484558897345605615966995947290965481628127078864233979123446870321786874097126267135457231648572403931381036141309419934538742689578047984874378603670137475535117679251305514311155834941959998917639758120645050721787579493263100051837754420325839325887161940670372854628352
38969117794691211231933991894581930963256254157728467958246893740643573748194252534270914463297144807862762072282618839869077485379156095969748757207340274951070235358502611028622311669883919997835279516241290101443575158986526200103675508840651678651774323881340745709256704
77938235589382422463867983789163861926512508315456935916493787481287147496388505068541828926594289615725524144565237679738154970758312191939497514414680549902140470717005222057244623339767839995670559032482580202887150317973052400207351017681303357303548647762681491418513408
155876471178764844927735967578327723853025016630913871832987574962574294992777010137083657853188579231451048289130475359476309941516624383878995028829361099804280941434010444114489246679535679991341118064965160405774300635946104800414702035362606714607097295525362982837026816
311752942357529689855471935156655447706050033261827743665975149925148589985554020274167315706377158462902096578260950718952619883033248767757990057658722199608561882868020888228978493359071359982682236129930320811548601271892209600829404070725213429214194591050725965674053632
623505884715059379710943870313310895412100066523655487331950299850297179971108040548334631412754316925804193156521901437905239766066497535515980115317444399217123765736041776457956986718142719965364472259860641623097202543784419201658808141450426858428389182101451931348107264
Sandstorm Specter Fortress Jutsu
1247011769430118759421887740626621790824200133047310974663900599700594359942216081096669262825508633851608386313043802875810479532132995071031960230634888798434247531472083552915913973436285439930728944519721283246194405087568838403317616282900853716856778364202903862696214528
2494023538860237518843775481253243581648400266094621949327801199401188719884432162193338525651017267703216772626087605751620959064265990142063920461269777596868495062944167105831827946872570879861457889039442566492388810175137676806635232565801707433713556728405807725392429056
Yakov
4988047077720475037687550962506487163296800532189243898655602398802377439768864324386677051302034535406433545252175211503241918128531980284127840922539555193736990125888334211663655893745141759722915778078885132984777620350275353613270465131603414867427113456811615450784858112
Purgatory Sandstorm Citadel Jutsu
9976094155440950075375101925012974326593601064378487797311204797604754879537728648773354102604069070812867090504350423006483836257063960568255681845079110387473980251776668423327311787490283519445831556157770265969555240700550707226540930263206829734854226913623230901569716224
19952188310881900150750203850025948653187202128756975594622409595209509759075457297546708205208138141625734181008700846012967672514127921136511363690158220774947960503553336846654623574980567038891663112315540531939110481401101414453081860526413659469708453827246461803139432448
39904376621763800301500407700051897306374404257513951189244819190419019518150914595093416410416276283251468362017401692025935345028255842273022727380316441549895921007106673693309247149961134077783326224631081063878220962802202828906163721052827318939416907654492923606278864896
79808753243527600603000815400103794612748808515027902378489638380838039036301829190186832820832552566502936724034803384051870690056511684546045454760632883099791842014213347386618494299922268155566652449262162127756441925604405657812327442105654637878833815308985847212557729792
159617506487055201206001630800207589225497617030055804756979276761676078072603658380373665641665105133005873448069606768103741380113023369092090909521265766199583684028426694773236988599844536311133304898524324255512883851208811315624654884211309275757667630617971694425115459584
319235012974110402412003261600415178450995234060111609513958553523352156145207316760747331283330210266011746896139213536207482760226046738184181819042531532399167368056853389546473977199689072622266609797048648511025767702417622631249309768422618551515335261235943388850230919168
638470025948220804824006523200830356901990468120223219027917107046704312290414633521494662566660420532023493792278427072414965520452093476368363638085063064798334736113706779092947954399378145244533219594097297022051535404835245262498619536845237103030670522471886777700461838336
Apocalyptic Shadow Stronghold Jutsu
1276940051896441609648013046401660713803980936240446438055834214093408624580829267042989325133320841064046987584556854144829931040904186952736727276170126129596669472227413558185895908798756290489066439188194594044103070809670490524997239073690474206061341044943773555400923676672
2553880103792883219296026092803321427607961872480892876111668428186817249161658534085978650266641682128093975169113708289659862081808373905473454552340252259193338944454827116371791817597512580978132878376389188088206141619340981049994478147380948412122682089887547110801847353344
Apocalyptic Dust Devil Bastion Jutsu
Cataclysmic Desert Tempest Technique
Armageddon Sandstorm Strike
Virgin Galactic
BideItaly
Birmingham
5107760207585766438592052185606642855215923744961785752223336856373634498323317068171957300533283364256187950338227416579319724163616747810946909104680504518386677888909654232743583635195025161956265756752778376176412283238681962099988956294761896824245364179775094221603694706688
Spirit Airlines
10215520415171532877184104371213285710431847489923571504446673712747268996646634136343914601066566728512375900676454833158639448327233495621893818209361009036773355777819308465487167270390050323912531513505556752352824566477363924199977912589523793648490728359550188443207389413376
20431040830343065754368208742426571420863694979847143008893347425494537993293268272687829202133133457024751801352909666317278896654466991243787636418722018073546711555638616930974334540780100647825063027011113504705649132954727848399955825179047587296981456719100376886414778826752
40862081660686131508736417484853142841727389959694286017786694850989075986586536545375658404266266914049503602705819332634557793308933982487575272837444036147093423111277233861948669081560201295650126054022227009411298265909455696799911650358095174593962913438200753772829557653504
81724163321372263017472834969706285683454779919388572035573389701978151973173073090751316808532533828099007205411638665269115586617867964975150545674888072294186846222554467723897338163120402591300252108044454018822596531818911393599823300716190349187925826876401507545659115307008
163448326642744526034945669939412571366909559838777144071146779403956303946346146181502633617065067656198014410823277330538231173235735929950301091349776144588373692445108935447794676326240805182600504216088908037645193063637822787199646601432380698375851653752803015091318230614016
The Day the Music Died
326896653285489052069891339878825142733819119677554288142293558807912607892692292363005267234130135312396028821646554661076462346471471859900602182699552289176747384890217870895589352652481610365201008432177816075290386127275645574399293202864761396751703307505606030182636461228032
Abyssal Sandstorm Dragon Jutsu
653793306570978104139782679757650285467638239355108576284587117615825215785384584726010534468260270624792057643293109322152924692942943719801204365399104578353494769780435741791178705304963220730402016864355632150580772254551291148798586405729522793503406615011212060365272922456064
Davis