47148204818432
10487940505600
30033833885696
17114370932736
21476648419328
94296409636864
20975881011200
60067667771392
34228741865472
42953296838656
188592819273728
41951762022400
85906593677312
68457483730944
120135335542784
83903524044800
377185638547456
Doki Doki Tinder
512060
171813187354624
240270671085568
167807048089600
754371277094912
1024120
343626374709248
774184
687252749418496
480541342171136
335614096179200
1548368
1374505498836992
961082684342272
671228192358400
3096736
1922165368684544
2749010997673984
6193472
1342456384716800
3844330737369088
1508742554189824
2684912769433600
7688661474738176
5498021995347968
12386944
Inequality
3017485108379648
5369825538867200
15377322949476352
24773888
10996043990695936
6034970216759296
10739651077734400
30754645898952704
49547776
21992087981391872
12069940433518592
21479302155468800
61509291797905408
99095552
43984175962783744
24139880867037184
42958604310937600
123018583595810816
198191104
87968351925567488
48279761734074368
85917208621875200
246037167191621632
396382208
175936703851134976
492074334383243264
792764416
351873407702269952
984148668766486528
1585528832
171834417243750400
96559523468148736
1968297337532973056
3171057664
703746815404539904
3936594675065946112
6342115328
1407493630809079808
343668834487500800
193119046936297472
386238093872594944
687337668975001600
7873189350131892224
12684230656
2814987261618159616
772476187745189888
1374675337950003200
15746378700263784448
25368461312
5629974523236319232
31492757400527568896
2749350675900006400
1544952375490379776
50736922624
11259949046472638464
62985514801055137792
5498701351800012800
3089904750980759552
125971029602110275584
101473845248
22519898092945276928
251942059204220551168
10997402703600025600
6179809501961519104
21994805407200051200
503884118408441102336
202947690496
45039796185890553856
1007768236816882204672
405895380992
90079592371781107712
43989610814400102400
12359619003923038208
2015536473633764409344
811790761984
180159184743562215424
4031072947267528818688
87979221628800204800
24719238007846076416
8062145894535057637376
1623581523968
360318369487124430848
16124291789070115274752
175958443257600409600
3247163047936
32248583578140230549504
720636738974248861696
6494326095872
351916886515200819200
49438476015692152832
703833773030401638400
64497167156280461099008
12988652191744
1441273477948497723392
128994334312560922198016
25977304383488
1407667546060803276800
98876952031384305664
2815335092121606553600
257988668625121844396032
51954608766976
/R/mylittlepony
2882546955896995446784
103909217533952
515977337250243688792064
5630670184243213107200
197753904062768611328
5765093911793990893568
207818435067904
1031954674500487377584128
11261340368486426214400
/R/ModMyLittlePony
395507808125537222656
2063909349000974755168256
415636870135808
11530187823587981787136
4127818698001949510336512
22522680736972852428800
791015616251074445312
8255637396003899020673024
831273740271616
23060375647175963574272
16511274792007798041346048
45045361473945704857600
1662547480543232
46120751294351927148544
33022549584015596082692096
90090722947891409715200
1582031232502148890624
3325094961086464
66045099168031192165384192
180181445895782819430400
3164062465004297781248
132090198336062384330768384
6650189922172928
92241502588703854297088
264180396672124768661536768
13300379844345856
Referee
184483005177407708594176
528360793344249537323073536
360362891791565638860800
6328124930008595562496
1056721586688499074646147072
26600759688691712
368966010354815417188352
Umpire
12656249860017191124992
720725783583131277721600
2113443173376998149292294144
53201519377383424
737932020709630834376704
25312499720034382249984
1441451567166262555443200
4226886346753996298584588288
106403038754766848
1475864041419261668753408
50624999440068764499968
2882903134332525110886400
8453772693507992597169176576
212806077509533696
2951728082838523337506816
101249998880137528999936
5765806268665050221772800
16907545387015985194338353152
425612155019067392
5903456165677046675013632
33815090774031970388676706304
851224310038134784
11806912331354093350027264
67630181548063940777353412608
11531612537330100443545600
202499997760275057999872
1702448620076269568
135260363096127881554706825216
23063225074660200887091200
404999995520550115999744
270520726192255763109413650432
3404897240152539136
23613824662708186700054528
541041452384511526218827300864
6809794480305078272
47227649325416373400109056
46126450149320401774182400
809999991041100231999488
94455298650832746800218112
13619588960610156544
1082082904769023052437654601728
92252900298640803548364800
1619999982082200463998976
2164165809538046104875309203456
184505800597281607096729600
3239999964164400927997952
369011601194563214193459200
6479999928328801855995904
4328331619076092209750618406912
27239177921220313088
188910597301665493600436224
12959999856657603711991808
738023202389126428386918400
8656663238152184419501236813824
54478355842440626176
377821194603330987200872448
755642389206661974401744896
108956711684881252352
17313326476304368839002473627648
1476046404778252856773836800
25919999713315207423983616
1511284778413323948803489792
217913423369762504704
34626652952608737678004947255296
2952092809556505713547673600
435826846739525009408
3022569556826647897606979584
69253305905217475356009894510592
34626652953044564524744472264704
138506611810434950712019789021184
871653693479050018816
6045139113653295795213959168
69253305906089129049488944529408
138506611811306604405498839040000
138506611812178258098977889058816
277013223620869901424039578042368
277013223622613208810997678080000
12090278227306591590427918336
277013223624356516197955778117632
1743307386958100037632
554026447241739802848079156084736
5904185619113011427095347200
51839999426630414847967232
3486614773916200075264
24180556454613183180855836672
554026447248713032395911556235264
554026447245226417621995356160000
6973229547832400150528
1108052894483479605696158312169472
11808371238226022854190694400
103679998853260829695934464
2216105788966959211392316624338944
13946459095664800301056
48361112909226366361711673344
1108052894497426064791823112470528
1108052894490452835243990712320000
2216105788994852129583646224941056
96722225818452732723423346688
27892918191329600602112
4432211577933918422784633248677888
207359997706521659391868928
414719995413043318783737856
23616742476452045708381388800
8864423155867836845569266497355776
55785836382659201204224
193444451636905465446846693376
4432211577989704259167292449882112
2216105788980905670487981424640000
8864423155979408518334584899764224
386888903273810930893693386752
111571672765318402408448
4432211577961811340975962849280000
8864810044882682329265478593150976
223143345530636804816896
17729233200862090847600063492915200
8864423155923622681951925698560000
26593656356841499365934648392679424
446286691061273609633792
17728846311958817036669169799528448
53187312713682998731869296785358848
17728846311847245363903851397120000
892573382122547219267584
17728846311735673691138532994711552
47233484952904091416762777600
829439990826086637567475712
35457692623917634073338339599056896
106374625427365997463738593570717696
35457692623471347382277065989423104
1785146764245094438535168
70915385247835268146676679198113792
35457692623694490727807702794240000
212749250854731994927477187141435392
70915385247388981455615405588480000
425498501709463989854954374282870784
3570293528490188877070336
70915385246942694764554131978846208
94466969905808182833525555200
850997003418927979709908748565741568
141830770494777962911230811176960000
7140587056980377754140672
283661540989555925822461622353920000
1701994006837855959419817497131483136
14281174113960755508281344
141830770493885389529108263957692416
188933939811616365667051110400
1658879981652173275134951424
Investigation
3403988013675711918839634994262966272
3403988013689993092953595749771247616
567323081979111851644923244707840000
6807976027351423837679269988525932544
6807976027379986185907191499542495232
13615952054759972371814382999084990464
1134646163958223703289846489415680000
13615952054702847675358539977051865088
28562348227921511016562688
283661540987770779058216527915384832
377867879623232731334102220800
3317759963304346550269902848
Rubik's
567323081975541558116433055830769664
57124696455843022033125376
27231904109405695350717079954103730176
27231904109519944743628765998169980928
6635519926608693100539805696
755735759246465462668204441600
114249392911686044066250752
54463808218811390701434159908207460352
2269292327916447406579692978831360000
54463808219039889487257531996339961856
228498785823372088132501504
108927616437622781402868319816414920704
1134646163951083116232866111661539328
1511471518492930925336408883200
456997571646744176265003008
217855232875245562805736639632829841408
3022943036985861850672817766400
2269292327902166232465732223323078656
913995143293488352530006016
435710465750491125611473279265659682816
4538584655804332464931464446646157312
Repetition
1827990286586976705060012032
871420931500982251222946558531319365632
108927616438079778974515063992679923712
1742841863001964502445893117062638731264
9077169311608664929862928893292314624
3655980573173953410120024064
6045886073971723701345635532800
13271039853217386201079611392
18154338623217329859725857786584629248
7311961146347906820240048128
3485683726003929004891786234125277462528
512000
217855232876159557949030127985359847424
4538584655832894813159385957662720000
6971367452007858009783572468250554925056
1024000
13942734904015716019567144936501109850112
14623922292695813640480096256
2048000
9077169311665789626318771915325440000
27885469808031432039134289873002219700224
Linear Algebra
29247844585391627280960192512
36308677246434659719451715573169258496
72617354492869319438903431146338516992
12091772147943447402691271065600
58495689170783254561920385024
55770939616062864078268579746004439400448
18154338623331579252637543830650880000
435710465752319115898060255970719694848
145234708985738638877806862292677033984
116991378341566509123840770048
111541879232125728156537159492008878800896
36308677246663158505275087661301760000
871420931504638231796120511941439389696
223083758464251456313074318984017757601792
233982756683133018247681540096
290469417971477277755613724585354067968
24183544295886894805382542131200
26542079706434772402159222784
580938835942954555511227449170708135936
467965513366266036495363080192
446167516928502912626148637968035515203584
1742841863009276463592241023882878779392
892335033857005825252297275936071030407168
Eigenvalues
72617354493326317010550175322603520000
935931026732532072990726160384
1161877671885909111022454898341416271872
48367088591773789610765084262400
3485683726018552927184482047765757558784
145234708986652634021100350645207040000
1784670067714011650504594551872142060814336
6971367452037105854368964095531515117568
1871862053465064145981452320768
2323755343771818222044909796682832543744
Eigenvectors
Diagonalization
Eigenvalue
Eigenvector
92979569455415208814317630831263558788516140021123511222272
185959138910830417628635261662527117577032280042247022444544
Eigenbasis
Eigenstate
371918277821660835257270523325054235154064560084494044889088
Eigenspectrum
743836555643321670514541046650108470308129120168988089778176
Ballin
3569340135428023301009189103744284121628672
3743724106930128291962904641536
290469417973305268042200701290414080000
13942734904074211708737928191063030235136
96734177183547579221530168524800
53084159412869544804318445568
4647510687543636444089819593365665087488
7138680270856046602018378207488568243257344
7487448213860256583925809283072
580938835946610536084401402580828160000
27885469808148423417475856382126060470272
193468354367095158443060337049600
106168318825739089608636891136
9295021375087272888179639186731330174976
14974896427720513167851618566144
1161877671893221072168802805161656320000
14277360541712093204036756414977136486514688
55770939616296846834951712764252120940544
212336637651478179217273782272
18590042750174545776359278373462660349952
28554721083424186408073512829954272973029376
29949792855441026335703237132288
2323755343786442144337605610323312640000
111541879232593693669903425528504241881088
57109442166848372816147025659908545946058752
59899585710882052671406474264576
386936708734190316886120674099200
37180085500349091552718556746925320699904
119799171421764105342812948529152
114218884333696745632294051319817091892117504
223083758465187387339806851057008483762176
4647510687572884288675211220646625280000
Macho
239598342843528210685625897058304
773873417468380633772241348198400
424673275302956358434547564544
74360171000698183105437113493850641399808
228437768667393491264588102639634183784235008
Toxic Masculinity
Integral
Derivative
773873417468380633772241349734488
1547746834936761267544482699468976
1547746834936761267544482696396800
849346550605912716869095129088
3095493669873522535088965398937952
3095493669873522535088965392793600
1698693101211825433738190258176
148720342001396366210874226987701282799616
Facial Recognition
6190987339747045070177930797875904
6190987339747045070177930785587200
Fragile Masculinity
12381974679494090140355861595751808
24763949358988180280711723191503616
3397386202423650867476380516352
12381974679494090140355861571174400
Purpose
Fictional
Meaning
49527898717976360561423446383007232
297440684002792732421748453975402565599232
24763949358988180280711723142348800
479196685687056421371251794116608
456875537334786982529176205279268367568470016
446167516930374774679613702114016967524352
9295021375145768577350422441293250560000
958393371374112842742503588233216
594881368005585464843496907950805131198464
49527898717976360561423446284697600
6794772404847301734952761032704
99055797435952721122846892766014464
1189762736011170929686993815901610262396928
913751074669573965058352410558536735136940032
18590042750291537154700844882586501120000
914197242186504339833032024260650752104464384
913751074670532358429726523401279238725173248
913769664712324256595507111403419321638060032
914940837405585135988039404374438345399336960
913751074719101863776328771119960181421637632
913751074669580759830757257860271687897972736
913751074768629762494305131681383627902954496
1827502149339161519661514515720543375795945472