2855755826614333641432470732417859578384085084859615050308096799021185964293424917682984810515165094870555265538856036943442747007882123826030795769103863775232
5711511653228667282864941464835719156768170169719230100616193598042371928586849835365969621030330189741110531077712073886885494015764247652061591538207727550464
11423023306457334565729882929671438313536340339438460201232387196084743857173699670731939242060660379482221062155424147773770988031528495304123183076415455100928
22846046612914669131459765859342876627072680678876920402464774392169487714347399341463878484121320758964442124310848295547541976063056990608246366152830910201856
45692093225829338262919531718685753254145361357753840804929548784338975428694798682927756968242641517928884248621696591095083952126113981216492732305661820403712
91384186451658676525839063437371506508290722715507681609859097568677950857389597365855513936485283035857768497243393182190167904252227962432985464611323640807424
182768372903317353051678126874743013016581445431015363219718195137355901714779194731711027872970566071715536994486786364380335808504455924865970929222647281614848
365536745806634706103356253749486026033162890862030726439436390274711803429558389463422055745941132143431073988973572728760671617008911849731941858445294563229696
731073491613269412206712507498972052066325781724061452878872780549423606859116778926844111491882264286862147977947145457521343234017823699463883716890589126459392
1462146983226538824413425014997944104132651563448122905757745561098847213718233557853688222983764528573724295955894290915042686468035647398927767433781178252918784
2924293966453077648826850029995888208265303126896245811515491122197694427436467115707376445967529057147448591911788581830085372936071294797855534867562356505837568
5848587932906155297653700059991776416530606253792491623030982244395388854872934231414752891935058114294897183823577163660170745872142589595711069735124713011675136
11697175865812310595307400119983552833061212507584983246061964488790777709745868462829505783870116228589794367647154327320341491744285179191422139470249426023350272
23394351731624621190614800239967105666122425015169966492123928977581555419491736925659011567740232457179588735294308654640682983488570358382844278940498852046700544
46788703463249242381229600479934211332244850030339932984247857955163110838983473851318023135480464914359177470588617309281365966977140716765688557880997704093401088
93577406926498484762459200959868422664489700060679865968495715910326221677966947702636046270960929828718354941177234618562731933954281433531377115761995408186802176
187154813852996969524918401919736845328979400121359731936991431820652443355933895405272092541921859657436709882354469237125463867908562867062754231523990816373604352
374309627705993939049836803839473690657958800242719463873982863641304886711867790810544185083843719314873419764708938474250927735817125734125508463047981632747208704
748619255411987878099673607678947381315917600485438927747965727282609773423735581621088370167687438629746839529417876948501855471634251468251016926095963265494417408
1497238510823975756199347215357894762631835200970877855495931454565219546847471163242176740335374877259493679058835753897003710943268502936502033852191926530988834816
2994477021647951512398694430715789525263670401941755710991862909130439093694942326484353480670749754518987358117671507794007421886537005873004067704383853061977669632
5988954043295903024797388861431579050527340803883511421983725818260878187389884652968706961341499509037974716235343015588014843773074011746008135408767706123955339264
11977908086591806049594777722863158101054681607767022843967451636521756374779769305937413922682999018075949432470686031176029687546148023492016270817535412247910678528
23955816173183612099189555445726316202109363215534045687934903273043512749559538611874827845365998036151898864941372062352059375092296046984032541635070824495821357056
47911632346367224198379110891452632404218726431068091375869806546087025499119077223749655690731996072303797729882744124704118750184592093968065083270141648991642714112
95823264692734448396758221782905264808437452862136182751739613092174050998238154447499311381463992144607595459765488249408237500369184187936130166540283297983285428224
191646529385468896793516443565810529616874905724272365503479226184348101996476308894998622762927984289215190919530976498816475000738368375872260333080566595966570856448
383293058770937793587032887131621059233749811448544731006958452368696203992952617789997245525855968578430381839061952997632950001476736751744520666161133191933141712896
766586117541875587174065774263242118467499622897089462013916904737392407985905235579994491051711937156860763678123905995265900002953473503489041332322266383866283425792
1533172235083751174348131548526484236934999245794178924027833809474784815971810471159988982103423874313721527356247811990531800005906947006978082664644532767732566851584
3066344470167502348696263097052968473869998491588357848055667618949569631943620942319977964206847748627443054712495623981063600011813894013956165329289065535465133703168
6132688940335004697392526194105936947739996983176715696111335237899139263887241884639955928413695497254886109424991247962127200023627788027912330658578131070930267406336
12265377880670009394785052388211873895479993966353431392222670475798278527774483769279911856827390994509772218849982495924254400047255576055824661317156262141860534812672
24530755761340018789570104776423747790959987932706862784445340951596557055548967538559823713654781989019544437699964991848508800094511152111649322634312524283721069625344
49061511522680037579140209552847495581919975865413725568890681903193114111097935077119647427309563978039088875399929983697017600189022304223298645268625048567442139250688
98123023045360075158280419105694991163839951730827451137781363806386228222195870154239294854619127956078177750799859967394035200378044608446597290537250097134884278501376
196246046090720150316560838211389982327679903461654902275562727612772456444391740308478589709238255912156355501599719934788070400756089216893194581074500194269768557002752
392492092181440300633121676422779964655359806923309804551125455225544912888783480616957179418476511824312711003199439869576140801512178433786389162149000388539537114005504
784984184362880601266243352845559929310719613846619609102250910451089825777566961233914358836953023648625422006398879739152281603024356867572778324298000777079074228011008
1569968368725761202532486705691119858621439227693239218204501820902179651555133922467828717673906047297250844012797759478304563206048713735145556648596001554158148456022016
3139936737451522405064973411382239717242878455386478436409003641804359303110267844935657435347812094594501688025595518956609126412097427470291113297192003108316296912044032
6279873474903044810129946822764479434485756910772956872818007283608718606220535689871314870695624189189003376051191037913218252824194854940582226594384006216632593824088064
12559746949806089620259893645528958868971513821545913745636014567217437212441071379742629741391248378378006752102382075826436505648389709881164453188768012433265187648176128
25119493899612179240519787291057917737943027643091827491272029134434874424882142759485259482782496756756013504204764151652873011296779419762328906377536024866530375296352256
50238987799224358481039574582115835475886055286183654982544058268869748849764285518970518965564993513512027008409528303305746022593558839524657812755072049733060750592704512
100477975598448716962079149164231670951772110572367309965088116537739497699528571037941037931129987027024054016819056606611492045187117679049315625510144099466121501185409024
200955951196897433924158298328463341903544221144734619930176233075478995399057142075882075862259974054048108033638113213222984090374235358098631251020288198932243002370818048
401911902393794867848316596656926683807088442289469239860352466150957990798114284151764151724519948108096216067276226426445968180748470716197262502040576397864486004741636096
803823804787589735696633193313853367614176884578938479720704932301915981596228568303528303449039896216192432134552452852891936361496941432394525004081152795728972009483272192
1607647609575179471393266386627706735228353769157876959441409864603831963192457136607056606898079792432384864269104905705783872722993882864789050008162305591457944018966544384
3215295219150358942786532773255413470456707538315753918882819729207663926384914273214113213796159584864769728538209811411567745445987765729578100016324611182915888037933088768
6430590438300717885573065546510826940913415076631507837765639458415327852769828546428226427592319169729539457076419622823135490891975531459156200032649222365831776075866177536
12861180876601435771146131093021653881826830153263015675531278916830655705539657092856452855184638339459078914152839245646270981783951062918312400065298444731663552151732355072
25722361753202871542292262186043307763653660306526031351062557833661311411079314185712905710369276678918157828305678491292541963567902125836624800130596889463327104303464710144
51444723506405743084584524372086615527307320613052062702125115667322622822158628371425811420738553357836315656611356982585083927135804251673249600261193778926654208606929420288
102889447012811486169169048744173231054614641226104125404250231334645245644317256742851622841477106715672631313222713965170167854271608503346499200522387557853308417213858840576
205778894025622972338338097488346462109229282452208250808500462669290491288634513485703245682954213431345262626445427930340335708543217006692998401044775115706616834427717681152
411557788051245944676676194976692924218458564904416501617000925338580982577269026971406491365908426862690525252890855860680671417086434013385996802089550231413233668855435362304
823115576102491889353352389953385848436917129808833003234001850677161965154538053942812982731816853725381050505781711721361342834172868026771993604179100462826467337710870724608
1646231152204983778706704779906771696873834259617666006468003701354323930309076107885625965463633707450762101011563423442722685668345736053543987208358200925652934675421741449216
3292462304409967557413409559813543393747668519235332012936007402708647860618152215771251930927267414901524202023126846885445371336691472107087974416716401851305869350843482898432
6584924608819935114826819119627086787495337038470664025872014805417295721236304431542503861854534829803048404046253693770890742673382944214175948833432803702611738701686965796864
13169849217639870229653638239254173574990674076941328051744029610834591442472608863085007723709069659606096808092507387541781485346765888428351897666865607405223477403373931593728
26339698435279740459307276478508347149981348153882656103488059221669182884945217726170015447418139319212193616185014775083562970693531776856703795333731214810446954806747863187456
52679396870559480918614552957016694299962696307765312206976118443338365769890435452340030894836278638424387232370029550167125941387063553713407590667462429620893909613495726374912
105358793741118961837229105914033388599925392615530624413952236886676731539780870904680061789672557276848774464740059100334251882774127107426815181334924859241787819226991452749824
210717587482237923674458211828066777199850785231061248827904473773353463079561741809360123579345114553697548929480118200668503765548254214853630362669849718483575638453982905499648
421435174964475847348916423656133554399701570462122497655808947546706926159123483618720247158690229107395097858960236401337007531096508429707260725339699436967151276907965810999296
842870349928951694697832847312267108799403140924244995311617895093413852318246967237440494317380458214790195717920472802674015062193016859414521450679398873934302553815931621998592
1685740699857903389395665694624534217598806281848489990623235790186827704636493934474880988634760916429580391435840945605348030124386033718829042901358797747868605107631863243997184
3371481399715806778791331389249068435197612563696979981246471580373655409272987868949761977269521832859160782871681891210696060248772067437658085802717595495737210215263726487994368
6742962799431613557582662778498136870395225127393959962492943160747310818545975737899523954539043665718321565743363782421392120497544134875316171605435190991474420430527452975988736
13485925598863227115165325556996273740790450254787919924985886321494621637091951475799047909078087331436643131486727564842784240995088269750632343210870381982948840861054905951977472
26971851197726454230330651113992547481580900509575839849971772642989243274183902951598095818156174662873286262973455129685568481990176539501264686421740763965897681722109811903954944
53943702395452908460661302227985094963161801019151679699943545285978486548367805903196191636312349325746572525946910259371136963980353079002529372843481527931795363444219623807909888
107887404790905816921322604455970189926323602038303359399887090571956973096735611806392383272624698651493145051893820518742273927960706158005058745686963055863590726888439247615819776
215774809581811633842645208911940379852647204076606718799774181143913946193471223612784766545249397302986290103787641037484547855921412316010117491373926111727181453776878495231639552
431549619163623267685290417823880759705294408153213437599548362287827892386942447225569533090498794605972580207575282074969095711842824632020234982747852223454362907553756990463279104
863099238327246535370580835647761519410588816306426875199096724575655784773884894451139066180997589211945160415150564149938191423685649264040469965495704446908725815107513980926558208
1726198476654493070741161671295523038821177632612853750398193449151311569547769788902278132361995178423890320830301128299876382847371298528080939930991408893817451630215027961853116416
3452396953308986141482323342591046077642355265225707500796386898302623139095539577804556264723990356847780641660602256599752765694742597056161879861982817787634903260430055923706232832
6904793906617972282964646685182092155284710530451415001592773796605246278191079155609112529447980713695561283321204513199505531389485194112323759723965635575269806520860111847412465664
13809587813235944565929293370364184310569421060902830003185547593210492556382158311218225058895961427391122566642409026399011062778970388224647519447931271150539613041720223694824931328
27619175626471889131858586740728368621138842121805660006371095186420985112764316622436450117791922854782245133284818052798022125557940776449295038895862542301079226083440447389649862656
55238351252943778263717173481456737242277684243611320012742190372841970225528633244872900235583845709564490266569636105596044251115881552898590077791725084602158452166880894779299725312
110476702505887556527434346962913474484555368487222640025484380745683940451057266489745800471167691419128980533139272211192088502231763105797180155583450169204316904333761789558599450624
220953405011775113054868693925826948969110736974445280050968761491367880902114532979491600942335382838257961066278544422384177004463526211594360311166900338408633808667523579117198901248
441906810023550226109737387851653897938221473948890560101937522982735761804229065958983201884670765676515922132557088844768354008927052423188720622333800676817267617335047158234397802496
883813620047100452219474775703307795876442947897781120203875045965471523608458131917966403769341531353031844265114177689536708017854104846377441244667601353634535234670094316468795604992
1767627240094200904438949551406615591752885895795562240407750091930943047216916263835932807538683062706063688530228355379073416035708209692754882489335202707269070469340188632937591209984
3535254480188401808877899102813231183505771791591124480815500183861886094433832527671865615077366125412127377060456710758146832071416419385509764978670405414538140938680377265875182419968
7070508960376803617755798205626462367011543583182248961631000367723772188867665055343731230154732250824254754120913421516293664142832838771019529957340810829076281877360754531750364839936
14141017920753607235511596411252924734023087166364497923262000735447544377735330110687462460309464501648509508241826843032587328285665677542039059914681621658152563754721509063500729679872
28282035841507214471023192822505849468046174332728995846524001470895088755470660221374924920618929003297019016483653686065174656571331355084078119829363243316305127509443018127001459359744
56564071683014428942046385645011698936092348665457991693048002941790177510941320442749849841237858006594038032967307372130349313142662710168156239658726486632610255018886036254002918719488
113128143366028857884092771290023397872184697330915983386096005883580355021882640885499699682475716013188076065934614744260698626285325420336312479317452973265220510037772072508005837438976
226256286732057715768185542580046795744369394661831966772192011767160710043765281770999399364951432026376152131869229488521397252570650840672624958634905946530441020075544145016011674877952
452512573464115431536371085160093591488738789323663933544384023534321420087530563541998798729902864052752304263738458977042794505141301681345249917269811893060882040151088290032023349755904
905025146928230863072742170320187182977477578647327867088768047068642840175061127083997597459805728105504608527476917954085589010282603362690499834539623786121764080302176580064046699511808
1810050293856461726145484340640374365954955157294655734177536094137285680350122254167995194919611456211009217054953835908171178020565206725380999669079247572243528160604353160128093399023616
3620100587712923452290968681280748731909910314589311468355072188274571360700244508335990389839222912422018434109907671816342356041130413450761999338158495144487056321208706320256186798047232
7240201175425846904581937362561497463819820629178622936710144376549142721400489016671980779678445824844036868219815343632684712082260826901523998676316990288974112642417412640512373596094464
14480402350851693809163874725122994927639641258357245873420288753098285442800978033343961559356891649688073736439630687265369424164521653803047997352633980577948225284834825281024747192188928
28960804701703387618327749450245989855279282516714491746840577506196570885601956066687923118713783299376147472879261374530738848329043307606095994705267961155896450569669650562049494384377856
57921609403406775236655498900491979710558565033428983493681155012393141771203912133375846237427566598752294945758522749061477696658086615212191989410535922311792901139339301124098988768755712
115843218806813550473310997800983959421117130066857966987362310024786283542407824266751692474855133197504589891517045498122955393316173230424383978821071844623585802278678602248197977537511424
231686437613627100946621995601967918842234260133715933974724620049572567084815648533503384949710266395009179783034090996245910786632346460848767957642143689247171604557357204496395955075022848
463372875227254201893243991203935837684468520267431867949449240099145134169631297067006769899420532790018359566068181992491821573264692921697535915284287378494343209114714408992791910150045696
926745750454508403786487982407871675368937040534863735898898480198290268339262594134013539798841065580036719132136363984983643146529385843395071830568574756988686418229428817985583820300091392
1853491500909016807572975964815743350737874081069727471797796960396580536678525188268027079597682131160073438264272727969967286293058771686790143661137149513977372836458857635971167640600182784
3706983001818033615145951929631486701475748162139454943595593920793161073357050376536054159195364262320146876528545455939934572586117543373580287322274299027954745672917715271942335281200365568
7413966003636067230291903859262973402951496324278909887191187841586322146714100753072108318390728524640293753057090911879869145172235086747160574644548598055909491345835430543884670562400731136
14827932007272134460583807718525946805902992648557819774382375683172644293428201506144216636781457049280587506114181823759738290344470173494321149289097196111818982691670861087769341124801462272
29655864014544268921167615437051893611805985297115639548764751366345288586856403012288433273562914098561175012228363647519476580688940346988642298578194392223637965383341722175538682249602924544
59311728029088537842335230874103787223611970594231279097529502732690577173712806024576866547125828197122350024456727295038953161377880693977284597156388784447275930766683444351077364499205849088
118623456058177075684670461748207574447223941188462558195059005465381154347425612049153733094251656394244700048913454590077906322755761387954569194312777568894551861533366888702154728998411698176
237246912116354151369340923496415148894447882376925116390118010930762308694851224098307466188503312788489400097826909180155812645511522775909138388625555137789103723066733777404309457996823396352
474493824232708302738681846992830297788895764753850232780236021861524617389702448196614932377006625576978800195653818360311625291023045551818276777251110275578207446133467554808618915993646792704
948987648465416605477363693985660595577791529507700465560472043723049234779404896393229864754013251153957600391307636720623250582046091103636553554502220551156414892266935109617237831987293585408
1897975296930833210954727387971321191155583059015400931120944087446098469558809792786459729508026502307915200782615273441246501164092182207273107109004441102312829784533870219234475663974587170816
3795950593861666421909454775942642382311166118030801862241888174892196939117619585572919459016053004615830401565230546882493002328184364414546214218008882204625659569067740438468951327949174341632
7591901187723332843818909551885284764622332236061603724483776349784393878235239171145838918032106009231660803130461093764986004656368728829092428436017764409251319138135480876937902655898348683264
15183802375446665687637819103770569529244664472123207448967552699568787756470478342291677836064212018463321606260922187529972009312737457658184856872035528818502638276270961753875805311796697366528
30367604750893331375275638207541139058489328944246414897935105399137575512940956684583355672128424036926643212521844375059944018625474915316369713744071057637005276552541923507751610623593394733056
60735209501786662750551276415082278116978657888492829795870210798275151025881913369166711344256848073853286425043688750119888037250949830632739427488142115274010553105083847015503221247186789466112
121470419003573325501102552830164556233957315776985659591740421596550302051763826738333422688513696147706572850087377500239776074501899661265478854976284230548021106210167694031006442494373578932224
242940838007146651002205105660329112467914631553971319183480843193100604103527653476666845377027392295413145700174755000479552149003799322530957709952568461096042212420335388062012884988747157864448
485881676014293302004410211320658224935829263107942638366961686386201208207055306953333690754054784590826291400349510000959104298007598645061915419905136922192084424840670776124025769977494315728896
971763352028586604008820422641316449871658526215885276733923372772402416414110613906667381508109569181652582800699020001918208596015197290123830839810273844384168849681341552248051539954988631457792
1943526704057173208017640845282632899743317052431770553467846745544804832828221227813334763016219138363305165601398040003836417192030394580247661679620547688768337699362683104496103079909977262915584
3887053408114346416035281690565265799486634104863541106935693491089609665656442455626669526032438276726610331202796080007672834384060789160495323359241095377536675398725366208992206159819954525831168
7774106816228692832070563381130531598973268209727082213871386982179219331312884911253339052064876553453220662405592160015345668768121578320990646718482190755073350797450732417984412319639909051662336
15548213632457385664141126762261063197946536419454164427742773964358438662625769822506678104129753106906441324811184320030691337536243156641981293436964381510146701594901464835968824639279818103324672
31096427264914771328282253524522126395893072838908328855485547928716877325251539645013356208259506213812882649622368640061382675072486313283962586873928763020293403189802929671937649278559636206649344
62192854529829542656564507049044252791786145677816657710971095857433754650503079290026712416519012427625765299244737280122765350144972626567925173747857526040586806379605859343875298557119272413298688
124385709059659085313129014098088505583572291355633315421942191714867509301006158580053424833038024855251530598489474560245530700289945253135850347495715052081173612759211718687750597114238544826597376
248771418119318170626258028196177011167144582711266630843884383429735018602012317160106849666076049710503061196978949120491061400579890506271700694991430104162347225518423437375501194228477089653194752
497542836238636341252516056392354022334289165422533261687768766859470037204024634320213699332152099421006122393957898240982122801159781012543401389982860208324694451036846874751002388456954179306389504
995085672477272682505032112784708044668578330845066523375537533718940074408049268640427398664304198842012244787915796481964245602319562025086802779965720416649388902073693749502004776913908358612779008
1990171344954545365010064225569416089337156661690133046751075067437880148816098537280854797328608397684024489575831592963928491204639124050173605559931440833298777804147387499004009553827816717225558016
3980342689909090730020128451138832178674313323380266093502150134875760297632197074561709594657216795368048979151663185927856982409278248100347211119862881666597555608294774998008019107655633434451116032
7960685379818181460040256902277664357348626646760532187004300269751520595264394149123419189314433590736097958303326371855713964818556496200694422239725763333195111216589549996016038215311266868902232064
15921370759636362920080513804555328714697253293521064374008600539503041190528788298246838378628867181472195916606652743711427929637112992401388844479451526666390222433179099992032076430622533737804464128
31842741519272725840161027609110657429394506587042128748017201079006082381057576596493676757257734362944391833213305487422855859274225984802777688958903053332780444866358199984064152861245067475608928256
63685483038545451680322055218221314858789013174084257496034402158012164762115153192987353514515468725888783666426610974845711718548451969605555377917806106665560889732716399968128305722490134951217856512
127370966077090903360644110436442629717578026348168514992068804316024329524230306385974707029030937451777567332853221949691423437096903939211110755835612213331121779465432799936256611444980269902435713024
254741932154181806721288220872885259435156052696337029984137608632048659048460612771949414058061874903555134665706443899382846874193807878422221511671224426662243558930865599872513222889960539804871426048
509483864308363613442576441745770518870312105392674059968275217264097318096921225543898828116123749807110269331412887798765693748387615756844443023342448853324487117861731199745026445779921079609742852096
1018967728616727226885152883491541037740624210785348119936550434528194636193842451087797656232247499614220538662825775597531387496775231513688886046684897706648974235723462399490052891559842159219485704192
2037935457233454453770305766983082075481248421570696239873100869056389272387684902175595312464494999228441077325651551195062774993550463027377772093369795413297948471446924798980105783119684318438971408384
4075870914466908907540611533966164150962496843141392479746201738112778544775369804351190624928989998456882154651303102390125549987100926054755544186739590826595896942893849597960211566239368636877942816768
8151741828933817815081223067932328301924993686282784959492403476225557089550739608702381249857979996913764309302606204780251099974201852109511088373479181653191793885787699195920423132478737273755885633536
16303483657867635630162446135864656603849987372565569918984806952451114179101479217404762499715959993827528618605212409560502199948403704219022176746958363306383587771575398391840846264957474547511771267072
32606967315735271260324892271729313207699974745131139837969613904902228358202958434809524999431919987655057237210424819121004399896807408438044353493916726612767175543150796783681692529914949095023542534144
65213934631470542520649784543458626415399949490262279675939227809804456716405916869619049998863839975310114474420849638242008799793614816876088706987833453225534351086301593567363385059829898190047085068288
130427869262941085041299569086917252830799898980524559351878455619608913432811833739238099997727679950620228948841699276484017599587229633752177413975666906451068702172603187134726770119659796380094170136576
260855738525882170082599138173834505661599797961049118703756911239217826865623667478476199995455359901240457897683398552968035199174459267504354827951333812902137404345206374269453540239319592760188340273152
521711477051764340165198276347669011323199595922098237407513822478435653731247334956952399990910719802480915795366797105936070398348918535008709655902667625804274808690412748538907080478639185520376680546304
1043422954103528680330396552695338022646399191844196474815027644956871307462494669913904799981821439604961831590733594211872140796697837070017419311805335251608549617380825497077814160957278371040753361092608
2086845908207057360660793105390676045292798383688392949630055289913742614924989339827809599963642879209923663181467188423744281593395674140034838623610670503217099234761650994155628321914556742081506722185216
4173691816414114721321586210781352090585596767376785899260110579827485229849978679655619199927285758419847326362934376847488563186791348280069677247221341006434198469523301988311256643829113484163013444370432
8347383632828229442643172421562704181171193534753571798520221159654970459699957359311238399854571516839694652725868753694977126373582696560139354494442682012868396939046603976622513287658226968326026888740864
16694767265656458885286344843125408362342387069507143597040442319309940919399914718622476799709143033679389305451737507389954252747165393120278708988885364025736793878093207953245026575316453936652053777481728
33389534531312917770572689686250816724684774139014287194080884638619881838799829437244953599418286067358778610903475014779908505494330786240557417977770728051473587756186415906490053150632907873304107554963456
66779069062625835541145379372501633449369548278028574388161769277239763677599658874489907198836572134717557221806950029559817010988661572481114835955541456102947175512372831812980106301265815746608215109926912
133558138125251671082290758745003266898739096556057148776323538554479527355199317748979814397673144269435114443613900059119634021977323144962229671911082912205894351024745663625960212602531631493216430219853824
267116276250503342164581517490006533797478193112114297552647077108959054710398635497959628795346288538870228887227800118239268043954646289924459343822165824411788702049491327251920425205063262986432860439707648
534232552501006684329163034980013067594956386224228595105294154217918109420797270995919257590692577077740457774455600236478536087909292579848918687644331648823577404098982654503840850410126525972865720879415296
1068465105002013368658326069960026135189912772448457190210588308435836218841594541991838515181385154155480915548911200472957072175818585159697837375288663297647154808197965309007681700820253051945731441758830592
2136930210004026737316652139920052270379825544896914380421176616871672437683189083983677030362770308310961831097822400945914144351637170319395674750577326595294309616395930618015363401640506103891462883517661184
4273860420008053474633304279840104540759651089793828760842353233743344875366378167967354060725540616621923662195644801891828288703274340638791349501154653190588619232791861236030726803281012207782925767035322368
8547720840016106949266608559680209081519302179587657521684706467486689750732756335934708121451081233243847324391289603783656577406548681277582699002309306381177238465583722472061453606562024415565851534070644736
17095441680032213898533217119360418163038604359175315043369412934973379501465512671869416242902162466487694648782579207567313154813097362555165398004618612762354476931167444944122907213124048831131703068141289472
34190883360064427797066434238720836326077208718350630086738825869946759002931025343738832485804324932975389297565158415134626309626194725110330796009237225524708953862334889888245814426248097662263406136282578944
68381766720128855594132868477441672652154417436701260173477651739893518005862050687477664971608649865950778595130316830269252619252389450220661592018474451049417907724669779776491628852496195324526812272565157888
136763533440257711188265736954883345304308834873402520346955303479787036011724101374955329943217299731901557190260633660538505238504778900441323184036948902098835815449339559552983257704992390649053624545130315776
273527066880515422376531473909766690608617669746805040693910606959574072023448202749910659886434599463803114380521267321077010477009557800882646368073897804197671630898679119105966515409984781298107249090260631552
547054133761030844753062947819533381217235339493610081387821213919148144046896405499821319772869198927606228761042534642154020954019115601765292736147795608395343261797358238211933030819969562596214498180521263104
1094108267522061689506125895639066762434470678987220162775642427838296288093792810999642639545738397855212457522085069284308041908038231203530585472295591216790686523594716476423866061639939125192428996361042526208
2188216535044123379012251791278133524868941357974440325551284855676592576187585621999285279091476795710424915044170138568616083816076462407061170944591182433581373047189432952847732123279878250384857992722085052416
4376433070088246758024503582556267049737882715948880651102569711353185152375171243998570558182953591420849830088340277137232167632152924814122341889182364867162746094378865905695464246559756500769715985444170104832
8752866140176493516049007165112534099475765431897761302205139422706370304750342487997141116365907182841699660176680554274464335264305849628244683778364729734325492188757731811390928493119513001539431970888340209664
17505732280352987032098014330225068198951530863795522604410278845412740609500684975994282232731814365683399320353361108548928670528611699256489367556729459468650984377515463622781856986239026003078863941776680419328
35011464560705974064196028660450136397903061727591045208820557690825481219001369951988564465463628731366798640706722217097857341057223398512978735113458918937301968755030927245563713972478052006157727883553360838656
70022929121411948128392057320900272795806123455182090417641115381650962438002739903977128930927257462733597281413444434195714682114446797025957470226917837874603937510061854491127427944956104012315455767106721677312
140045858242823896256784114641800545591612246910364180835282230763301924876005479807954257861854514925467194562826888868391429364228893594051914940453835675749207875020123708982254855889912208024630911534213443354624
280091716485647792513568229283601091183224493820728361670564461526603849752010959615908515723709029850934389125653777736782858728457787188103829880907671351498415750040247417964509711779824416049261823068426886709248
560183432971295585027136458567202182366448987641456723341128923053207699504021919231817031447418059701868778251307555473565717456915574376207659761815342702996831500080494835929019423559648832098523646136853773418496
1120366865942591170054272917134404364732897975282913446682257846106415399008043838463634062894836119403737556502615110947131434913831148752415319523630685405993663000160989671858038847119297664197047292273707546836992
2240733731885182340108545834268808729465795950565826893364515692212830798016087676927268125789672238807475113005230221894262869827662297504830639047261370811987326000321979343716077694238595328394094584547415093673984
4481467463770364680217091668537617458931591901131653786729031384425661596032175353854536251579344477614950226010460443788525739655324595009661278094522741623974652000643958687432155388477190656788189169094830187347968
8962934927540729360434183337075234917863183802263307573458062768851323192064350707709072503158688955229900452020920887577051479310649190019322556189045483247949304001287917374864310776954381313576378338189660374695936
17925869855081458720868366674150469835726367604526615146916125537702646384128701415418145006317377910459800904041841775154102958621298380038645112378090966495898608002575834749728621553908762627152756676379320749391872
35851739710162917441736733348300939671452735209053230293832251075405292768257402830836290012634755820919601808083683550308205917242596760077290224756181932991797216005151669499457243107817525254305513352758641498783744
71703479420325834883473466696601879342905470418106460587664502150810585536514805661672580025269511641839203616167367100616411834485193520154580449512363865983594432010303338998914486215635050508611026705517282997567488
143406958840651669766946933393203758685810940836212921175329004301621171073029611323345160050539023283678407232334734201232823668970387040309160899024727731967188864020606677997828972431270101017222053411034565995134976
286813917681303339533893866786407517371621881672425842350658008603242342146059222646690320101078046567356814464669468402465647337940774080618321798049455463934377728041213355995657944862540202034444106822069131990269952
573627835362606679067787733572815034743243763344851684701316017206484684292118445293380640202156093134713628929338936804931294675881548161236643596098910927868755456082426711991315889725080404068888213644138263980539904
1147255670725213358135575467145630069486487526689703369402632034412969368584236890586761280404312186269427257858677873609862589351763096322473287192197821855737510912164853423982631779450160808137776427288276527961079808
2294511341450426716271150934291260138972975053379406738805264068825938737168473781173522560808624372538854515717355747219725178703526192644946574384395643711475021824329706847965263558900321616275552854576553055922159616
4589022682900853432542301868582520277945950106758813477610528137651877474336947562347045121617248745077709031434711494439450357407052385289893148768791287422950043648659413695930527117800643232551105709153106111844319232
9178045365801706865084603737165040555891900213517626955221056275303754948673895124694090243234497490155418062869422988878900714814104770579786297537582574845900087297318827391861054235601286465102211418306212223688638464
18356090731603413730169207474330081111783800427035253910442112550607509897347790249388180486468994980310836125738845977757801429628209541159572595075165149691800174594637654783722108471202572930204422836612424447377276928
36712181463206827460338414948660162223567600854070507820884225101215019794695580498776360972937989960621672251477691955515602859256419082319145190150330299383600349189275309567444216942405145860408845673224848894754553856
73424362926413654920676829897320324447135201708141015641768450202430039589391160997552721945875979921243344502955383911031205718512838164638290380300660598767200698378550619134888433884810291720817691346449697789509107712
146848725852827309841353659794640648894270403416282031283536900404860079178782321995105443891751959842486689005910767822062411437025676329276580760601321197534401396757101238269776867769620583441635382692899395579018215424
293697451705654619682707319589281297788540806832564062567073800809720158357564643990210887783503919684973378011821535644124822874051352658553161521202642395068802793514202476539553735539241166883270765385798791158036430848
587394903411309239365414639178562595577081613665128125134147601619440316715129287980421775567007839369946756023643071288249645748102705317106323042405284790137605587028404953079107471078482333766541530771597582316072861696
1174789806822618478730829278357125191154163227330256250268295203238880633430258575960843551134015678739893512047286142576499291496205410634212646084810569580275211174056809906158214942156964667533083061543195164632145723392
2349579613645236957461658556714250382308326454660512500536590406477761266860517151921687102268031357479787024094572285152998582992410821268425292169621139160550422348113619812316429884313929335066166123086390329264291446784
4699159227290473914923317113428500764616652909321025001073180812955522533721034303843374204536062714959574048189144570305997165984821642536850584339242278321100844696227239624632859768627858670132332246172780658528582893568
9398318454580947829846634226857001529233305818642050002146361625911045067442068607686748409072125429919148096378289140611994331969643285073701168678484556642201689392454479249265719537255717340264664492345561317057165787136
18796636909161895659693268453714003058466611637284100004292723251822090134884137215373496818144250859838296192756578281223988663939286570147402337356969113284403378784908958498531439074511434680529328984691122634114331574272
37593273818323791319386536907428006116933223274568200008585446503644180269768274430746993636288501719676592385513156562447977327878573140294804674713938226568806757569817916997062878149022869361058657969382245268228663148544
75186547636647582638773073814856012233866446549136400017170893007288360539536548861493987272577003439353184771026313124895954655757146280589609349427876453137613515139635833994125756298045738722117315938764490536457326297088
150373095273295165277546147629712024467732893098272800034341786014576721079073097722987974545154006878706369542052626249791909311514292561179218698855752906275227030279271667988251512596091477444234631877528981072914652594176
300746190546590330555092295259424048935465786196545600068683572029153442158146195445975949090308013757412739084105252499583818623028585122358437397711505812550454060558543335976503025192182954888469263755057962145829305188352
601492381093180661110184590518848097870931572393091200137367144058306884316292390891951898180616027514825478168210504999167637246057170244716874795423011625100908121117086671953006050384365909776938527510115924291658610376704
1202984762186361322220369181037696195741863144786182400274734288116613768632584781783903796361232055029650956336421009998335274492114340489433749590846023250201816242234173343906012100768731819553877055020231848583317220753408
2405969524372722644440738362075392391483726289572364800549468576233227537265169563567807592722464110059301912672842019996670548984228680978867499181692046500403632484468346687812024201537463639107754110040463697166634441506816
4811939048745445288881476724150784782967452579144729601098937152466455074530339127135615185444928220118603825345684039993341097968457361957734998363384093000807264968936693375624048403074927278215508220080927394333268883013632
9623878097490890577762953448301569565934905158289459202197874304932910149060678254271230370889856440237207650691368079986682195936914723915469996726768186001614529937873386751248096806149854556431016440161854788666537766027264
19247756194981781155525906896603139131869810316578918404395748609865820298121356508542460741779712880474415301382736159973364391873829447830939993453536372003229059875746773502496193612299709112862032880323709577333075532054528
38495512389963562311051813793206278263739620633157836808791497219731640596242713017084921483559425760948830602765472319946728783747658895661879986907072744006458119751493547004992387224599418225724065760647419154666151064109056
76991024779927124622103627586412556527479241266315673617582994439463281192485426034169842967118851521897661205530944639893457567495317791323759973814145488012916239502987094009984774449198836451448131521294838309332302128218112
153982049559854249244207255172825113054958482532631347235165988878926562384970852068339685934237703043795322411061889279786915134990635582647519947628290976025832479005974188019969548898397672902896263042589676618664604256436224
307964099119708498488414510345650226109916965065262694470331977757853124769941704136679371868475406087590644822123778559573830269981271165295039895256581952051664958011948376039939097796795345805792526085179353237329208512872448
615928198239416996976829020691300452219833930130525388940663955515706249539883408273358743736950812175181289644247557119147660539962542330590079790513163904103329916023896752079878195593590691611585052170358706474658417025744896
1231856396478833993953658041382600904439667860261050777881327911031412499079766816546717487473901624350362579288495114238295321079925084661180159581026327808206659832047793504159756391187181383223170104340717412949316834051489792
2463712792957667987907316082765201808879335720522101555762655822062824998159533633093434974947803248700725158576990228476590642159850169322360319162052655616413319664095587008319512782374362766446340208681434825898633668102979584
4927425585915335975814632165530403617758671441044203111525311644125649996319067266186869949895606497401450317153980456953181284319700338644720638324105311232826639328191174016639025564748725532892680417362869651797267336205959168
9854851171830671951629264331060807235517342882088406223050623288251299992638134532373739899791212994802900634307960913906362568639400677289441276648210622465653278656382348033278051129497451065785360834725739303594534672411918336
19709702343661343903258528662121614471034685764176812446101246576502599985276269064747479799582425989605801268615921827812725137278801354578882553296421244931306557312764696066556102258994902131570721669451478607189069344823836672
39419404687322687806517057324243228942069371528353624892202493153005199970552538129494959599164851979211602537231843655625450274557602709157765106592842489862613114625529392133112204517989804263141443338902957214378138689647673344
78838809374645375613034114648486457884138743056707249784404986306010399941105076258989919198329703958423205074463687311250900549115205418315530213185684979725226229251058784266224409035979608526282886677805914428756277379295346688
157677618749290751226068229296972915768277486113414499568809972612020799882210152517979838396659407916846410148927374622501801098230410836631060426371369959450452458502117568532448818071959217052565773355611828857512554758590693376
315355237498581502452136458593945831536554972226828999137619945224041599764420305035959676793318815833692820297854749245003602196460821673262120852742739918900904917004235137064897636143918434105131546711223657715025109517181386752
630710474997163004904272917187891663073109944453657998275239890448083199528840610071919353586637631667385640595709498490007204392921643346524241705485479837801809834008470274129795272287836868210263093422447315430050219034362773504
1261420949994326009808545834375783326146219888907315996550479780896166399057681220143838707173275263334771281191418996980014408785843286693048483410970959675603619668016940548259590544575673736420526186844894630860100438068725547008
2522841899988652019617091668751566652292439777814631993100959561792332798115362440287677414346550526669542562382837993960028817571686573386096966821941919351207239336033881096519181089151347472841052373689789261720200876137451094016